TicketID;FechaApertura;FechaCierre;Cantidad;NombreCategoria;NombreCliente;TiempoMaximoRespuesta;Tarifa;Estado;Tecnico;PrecioxHora;CategoriaProfesional;Prioridad
123;2022-12-07;;3;Software;Soluciones Tecnológicas;24;164;Abierto;Ana Ruiz;50;Senior;Urgente
126;2022-03-15;;2;Seguridad;Sistemas Ecológicos;24;130;En Progreso;Ana Ruiz;50;Senior;Baja
311;2022-01-19;;1;Redes;Avances Continuos;36;134;En Progreso;Ana Ruiz;50;Senior;Media
350;2022-09-19;;5;Redes;Innovaciones Creativas;48;156;Abierto;Ana Ruiz;50;Senior;Media
354;2022-09-07;;4;Software;Sistemas Ecológicos;24;130;Abierto;Ana Ruiz;50;Senior;Media
372;2022-02-23;;5;Hardware;Inteligencia de Datos;72;195;En Progreso;Ana Ruiz;50;Senior;Media
392;2022-08-29;;4;Redes;Visión Futurista;72;196;Cerrado;Ana Ruiz;50;Senior;Urgente
410;2022-04-17;;2;Hardware;Servicios Globales;36;195;En Progreso;Ana Ruiz;50;Senior;Media
418;2022-09-30;;2;Redes;Inteligencia de Datos;72;195;Abierto;Ana Ruiz;50;Senior;Urgente
428;2022-05-16;;1;Seguridad;Redes Seguras;48;179;En Progreso;Ana Ruiz;50;Senior;Urgente
443;2022-03-01;;4;Seguridad;Redes Seguras;48;179;Cerrado;Ana Ruiz;50;Senior;Urgente
473;2022-12-06;;5;Software;Inteligencia de Datos;72;195;En Progreso;Ana Ruiz;50;Senior;Media
474;2022-10-05;;4;Hardware;Creatividad y Desarrollo;24;114;En Progreso;Ana Ruiz;50;Senior;Media
492;2022-03-12;;5;Seguridad;Avances Continuos;36;134;Abierto;Ana Ruiz;50;Senior;Media
498;2022-10-12;;1;Software;Soluciones Tecnológicas;24;164;En Progreso;Ana Ruiz;50;Senior;Urgente
524;2022-01-23;;4;Redes;Visión Futurista;72;196;En Progreso;Ana Ruiz;50;Senior;Alta
580;2022-01-04;;3;Hardware;Sostenibilidad y Progreso;48;141;Abierto;Ana Ruiz;50;Senior;Baja
590;2022-08-05;;1;Software;Sostenibilidad y Progreso;48;141;Abierto;Ana Ruiz;50;Senior;Baja
623;2022-03-05;;3;Redes;Creatividad y Desarrollo;24;114;Abierto;Ana Ruiz;50;Senior;Alta
656;2022-04-08;;1;Redes;Sostenibilidad y Progreso;48;141;Cerrado;Ana Ruiz;50;Senior;Media
657;2022-06-13;;5;Hardware;Soluciones Tecnológicas;24;164;En Progreso;Ana Ruiz;50;Senior;Urgente
667;2022-04-03;;1;Hardware;Soluciones Tecnológicas;24;164;En Progreso;Ana Ruiz;50;Senior;Alta
682;2022-02-02;;4;Hardware;Innovaciones Creativas;48;156;En Progreso;Ana Ruiz;50;Senior;Alta
698;2022-01-05;;5;Seguridad;Soluciones Tecnológicas;24;164;Cerrado;Ana Ruiz;50;Senior;Urgente
715;2022-01-01;;1;Seguridad;Sostenibilidad y Progreso;48;141;Cerrado;Ana Ruiz;50;Senior;Baja
727;2022-07-13;;3;Hardware;Soluciones Tecnológicas;24;164;En Progreso;Ana Ruiz;50;Senior;Media
787;2022-12-31;;3;Seguridad;Innovaciones Creativas;48;156;En Progreso;Ana Ruiz;50;Senior;Baja
803;2022-02-05;;1;Software;Avances Continuos;36;134;Abierto;Ana Ruiz;50;Senior;Baja
841;2022-02-23;;4;Seguridad;Inteligencia de Datos;72;195;En Progreso;Ana Ruiz;50;Senior;Urgente
888;2022-12-15;;3;Software;Visión Futurista;72;196;Abierto;Ana Ruiz;50;Senior;Baja
894;2022-11-15;;4;Redes;Visión Futurista;72;196;Abierto;Ana Ruiz;50;Senior;Alta
930;2022-11-28;;4;Hardware;Sostenibilidad y Progreso;48;141;Cerrado;Ana Ruiz;50;Senior;Urgente
951;2022-01-17;;3;Hardware;Visión Futurista;72;196;Cerrado;Ana Ruiz;50;Senior;Alta
970;2022-04-02;;5;Software;Creatividad y Desarrollo;24;114;En Progreso;Ana Ruiz;50;Senior;Urgente
990;2022-08-04;;1;Software;Creatividad y Desarrollo;24;114;Abierto;Ana Ruiz;50;Senior;Media
996;2022-11-15;;4;Seguridad;Inteligencia de Datos;72;195;Cerrado;Ana Ruiz;50;Senior;Alta
1042;2022-07-06;;5;Software;Sostenibilidad y Progreso;48;141;En Progreso;Ana Ruiz;50;Senior;Urgente
1142;2022-09-11;;1;Hardware;Sistemas Ecológicos;24;130;En Progreso;Ana Ruiz;50;Senior;Alta
1146;2022-09-30;;1;Redes;Redes Seguras;48;179;Cerrado;Ana Ruiz;50;Senior;Alta
1269;2022-04-12;;3;Hardware;Soluciones Tecnológicas;24;164;Cerrado;Ana Ruiz;50;Senior;Baja
1327;2022-05-03;;5;Seguridad;Soluciones Tecnológicas;24;164;Abierto;Ana Ruiz;50;Senior;Baja
1383;2022-07-10;;1;Hardware;Redes Seguras;48;179;En Progreso;Ana Ruiz;50;Senior;Media
1537;2022-07-14;;5;Software;Servicios Globales;36;195;Abierto;Ana Ruiz;50;Senior;Urgente
1583;2022-07-25;;2;Software;Innovaciones Creativas;48;156;Cerrado;Ana Ruiz;50;Senior;Alta
1624;2022-09-10;;2;Seguridad;Sostenibilidad y Progreso;48;141;Cerrado;Ana Ruiz;50;Senior;Urgente
1699;2022-10-04;;5;Redes;Sostenibilidad y Progreso;48;141;Cerrado;Ana Ruiz;50;Senior;Baja
1706;2022-09-20;;5;Redes;Innovaciones Creativas;48;156;Abierto;Ana Ruiz;50;Senior;Alta
1721;2022-11-06;;5;Software;Redes Seguras;48;179;En Progreso;Ana Ruiz;50;Senior;Alta
1784;2022-03-02;;5;Hardware;Innovaciones Creativas;48;156;Cerrado;Ana Ruiz;50;Senior;Urgente
1788;2022-12-19;;3;Seguridad;Redes Seguras;48;179;En Progreso;Ana Ruiz;50;Senior;Baja
1865;2022-09-20;;3;Software;Visión Futurista;72;196;En Progreso;Ana Ruiz;50;Senior;Alta
1867;2022-06-05;;3;Redes;Avances Continuos;36;134;En Progreso;Ana Ruiz;50;Senior;Baja
1897;2022-06-13;;5;Software;Creatividad y Desarrollo;24;114;En Progreso;Ana Ruiz;50;Senior;Alta
1949;2022-08-04;;2;Hardware;Inteligencia de Datos;72;195;Abierto;Ana Ruiz;50;Senior;Alta
1982;2022-04-16;;3;Software;Soluciones Tecnológicas;24;164;Cerrado;Ana Ruiz;50;Senior;Media
1983;2022-10-01;;1;Hardware;Inteligencia de Datos;72;195;En Progreso;Ana Ruiz;50;Senior;Urgente
2041;2022-10-21;;1;Hardware;Innovaciones Creativas;48;156;Abierto;Ana Ruiz;50;Senior;Baja
2046;2022-12-18;;1;Hardware;Inteligencia de Datos;72;195;En Progreso;Ana Ruiz;50;Senior;Baja
2052;2022-11-01;;3;Seguridad;Innovaciones Creativas;48;156;Cerrado;Ana Ruiz;50;Senior;Media
2076;2022-01-15;;3;Software;Visión Futurista;72;196;En Progreso;Ana Ruiz;50;Senior;Baja
2077;2022-06-10;;1;Software;Redes Seguras;48;179;Abierto;Ana Ruiz;50;Senior;Urgente
2100;2022-09-13;;4;Software;Creatividad y Desarrollo;24;114;Abierto;Ana Ruiz;50;Senior;Media
2109;2022-12-28;;5;Seguridad;Soluciones Tecnológicas;24;164;Abierto;Ana Ruiz;50;Senior;Urgente
2236;2022-06-09;;1;Hardware;Sistemas Ecológicos;24;130;Cerrado;Ana Ruiz;50;Senior;Urgente
2254;2022-05-08;;4;Redes;Sistemas Ecológicos;24;130;En Progreso;Ana Ruiz;50;Senior;Baja
2262;2022-05-06;;3;Software;Avances Continuos;36;134;En Progreso;Ana Ruiz;50;Senior;Media
2308;2022-01-13;;4;Hardware;Innovaciones Creativas;48;156;Abierto;Ana Ruiz;50;Senior;Urgente
2315;2022-09-25;;5;Software;Servicios Globales;36;195;Abierto;Ana Ruiz;50;Senior;Media
2377;2022-02-22;;2;Seguridad;Soluciones Tecnológicas;24;164;Abierto;Ana Ruiz;50;Senior;Urgente
2386;2022-02-08;;3;Software;Avances Continuos;36;134;En Progreso;Ana Ruiz;50;Senior;Urgente
2475;2022-12-15;;3;Hardware;Servicios Globales;36;195;Cerrado;Ana Ruiz;50;Senior;Media
2572;2022-02-14;;1;Seguridad;Visión Futurista;72;196;En Progreso;Ana Ruiz;50;Senior;Alta
2611;2022-02-11;;4;Hardware;Innovaciones Creativas;48;156;Cerrado;Ana Ruiz;50;Senior;Media
2625;2022-08-19;;4;Redes;Innovaciones Creativas;48;156;Cerrado;Ana Ruiz;50;Senior;Media
2630;2022-04-15;;5;Hardware;Soluciones Tecnológicas;24;164;Abierto;Ana Ruiz;50;Senior;Media
2640;2022-02-08;;4;Hardware;Visión Futurista;72;196;Cerrado;Ana Ruiz;50;Senior;Baja
2657;2022-04-25;;2;Seguridad;Soluciones Tecnológicas;24;164;Abierto;Ana Ruiz;50;Senior;Alta
2659;2022-09-11;;2;Seguridad;Avances Continuos;36;134;Cerrado;Ana Ruiz;50;Senior;Baja
2822;2022-02-01;;5;Seguridad;Inteligencia de Datos;72;195;En Progreso;Ana Ruiz;50;Senior;Baja
2852;2022-07-10;;1;Redes;Sostenibilidad y Progreso;48;141;Cerrado;Ana Ruiz;50;Senior;Alta
2903;2022-12-29;;1;Redes;Visión Futurista;72;196;Abierto;Ana Ruiz;50;Senior;Urgente
2933;2022-10-13;;1;Redes;Avances Continuos;36;134;En Progreso;Ana Ruiz;50;Senior;Baja
2954;2022-12-16;;3;Seguridad;Creatividad y Desarrollo;24;114;En Progreso;Ana Ruiz;50;Senior;Media
3104;2022-08-10;;2;Redes;Redes Seguras;48;179;En Progreso;Ana Ruiz;50;Senior;Alta
3175;2022-09-06;;3;Redes;Sostenibilidad y Progreso;48;141;Cerrado;Ana Ruiz;50;Senior;Baja
3183;2022-02-25;;4;Software;Soluciones Tecnológicas;24;164;Cerrado;Ana Ruiz;50;Senior;Urgente
3218;2022-11-24;;5;Software;Visión Futurista;72;196;En Progreso;Ana Ruiz;50;Senior;Media
3287;2022-09-24;;5;Seguridad;Creatividad y Desarrollo;24;114;En Progreso;Ana Ruiz;50;Senior;Alta
3308;2022-05-05;;3;Seguridad;Creatividad y Desarrollo;24;114;En Progreso;Ana Ruiz;50;Senior;Urgente
3406;2022-11-30;;1;Hardware;Visión Futurista;72;196;Cerrado;Ana Ruiz;50;Senior;Urgente
3430;2022-10-03;;2;Seguridad;Inteligencia de Datos;72;195;En Progreso;Ana Ruiz;50;Senior;Baja
3517;2022-01-31;;4;Seguridad;Avances Continuos;36;134;Cerrado;Ana Ruiz;50;Senior;Urgente
3539;2022-10-14;;3;Seguridad;Redes Seguras;48;179;Cerrado;Ana Ruiz;50;Senior;Urgente
3560;2022-08-31;;2;Redes;Sostenibilidad y Progreso;48;141;Cerrado;Ana Ruiz;50;Senior;Urgente
3563;2022-02-10;;4;Software;Redes Seguras;48;179;Abierto;Ana Ruiz;50;Senior;Media
3609;2022-12-24;;5;Software;Avances Continuos;36;134;Abierto;Ana Ruiz;50;Senior;Urgente
3627;2022-07-30;;5;Hardware;Inteligencia de Datos;72;195;En Progreso;Ana Ruiz;50;Senior;Baja
3642;2022-07-24;;4;Redes;Soluciones Tecnológicas;24;164;En Progreso;Ana Ruiz;50;Senior;Media
3656;2022-06-22;;3;Seguridad;Visión Futurista;72;196;Cerrado;Ana Ruiz;50;Senior;Alta
3661;2022-01-02;;1;Redes;Redes Seguras;48;179;Cerrado;Ana Ruiz;50;Senior;Urgente
3763;2022-06-10;;3;Software;Servicios Globales;36;195;Abierto;Ana Ruiz;50;Senior;Urgente
3785;2022-07-28;;4;Redes;Soluciones Tecnológicas;24;164;Cerrado;Ana Ruiz;50;Senior;Baja
3817;2022-01-09;;2;Hardware;Servicios Globales;36;195;En Progreso;Ana Ruiz;50;Senior;Alta
3837;2022-01-25;;4;Redes;Inteligencia de Datos;72;195;En Progreso;Ana Ruiz;50;Senior;Urgente
3856;2022-12-18;;1;Redes;Sistemas Ecológicos;24;130;En Progreso;Ana Ruiz;50;Senior;Urgente
3954;2022-11-08;;3;Hardware;Innovaciones Creativas;48;156;En Progreso;Ana Ruiz;50;Senior;Urgente
3971;2022-07-18;;2;Hardware;Soluciones Tecnológicas;24;164;Abierto;Ana Ruiz;50;Senior;Media
3999;2022-08-01;;2;Software;Soluciones Tecnológicas;24;164;Cerrado;Ana Ruiz;50;Senior;Alta
4003;2022-06-07;;3;Redes;Inteligencia de Datos;72;195;Cerrado;Ana Ruiz;50;Senior;Urgente
4021;2022-11-06;;5;Seguridad;Redes Seguras;48;179;Abierto;Ana Ruiz;50;Senior;Urgente
4044;2022-01-02;;5;Seguridad;Innovaciones Creativas;48;156;En Progreso;Ana Ruiz;50;Senior;Alta
4065;2022-03-01;;3;Redes;Soluciones Tecnológicas;24;164;En Progreso;Ana Ruiz;50;Senior;Urgente
4069;2022-01-23;;2;Hardware;Avances Continuos;36;134;Abierto;Ana Ruiz;50;Senior;Baja
4126;2022-05-18;;5;Hardware;Inteligencia de Datos;72;195;En Progreso;Ana Ruiz;50;Senior;Media
4135;2022-12-06;;4;Seguridad;Redes Seguras;48;179;En Progreso;Ana Ruiz;50;Senior;Alta
4167;2022-06-13;;3;Redes;Creatividad y Desarrollo;24;114;Cerrado;Ana Ruiz;50;Senior;Urgente
4202;2022-05-13;;2;Seguridad;Soluciones Tecnológicas;24;164;Abierto;Ana Ruiz;50;Senior;Baja
4217;2022-07-13;;5;Seguridad;Inteligencia de Datos;72;195;Abierto;Ana Ruiz;50;Senior;Baja
4415;2022-08-01;;5;Seguridad;Inteligencia de Datos;72;195;En Progreso;Ana Ruiz;50;Senior;Media
4454;2022-05-02;;4;Software;Sistemas Ecológicos;24;130;Cerrado;Ana Ruiz;50;Senior;Media
4471;2022-02-10;;1;Redes;Servicios Globales;36;195;En Progreso;Ana Ruiz;50;Senior;Urgente
4611;2022-04-11;;5;Hardware;Avances Continuos;36;134;Abierto;Ana Ruiz;50;Senior;Baja
4676;2022-01-01;;3;Software;Inteligencia de Datos;72;195;Abierto;Ana Ruiz;50;Senior;Urgente
4682;2022-04-13;;1;Redes;Innovaciones Creativas;48;156;En Progreso;Ana Ruiz;50;Senior;Urgente
4733;2022-07-13;;4;Hardware;Sostenibilidad y Progreso;48;141;Cerrado;Ana Ruiz;50;Senior;Media
4738;2022-06-17;;2;Hardware;Servicios Globales;36;195;Abierto;Ana Ruiz;50;Senior;Baja
4749;2022-12-18;;1;Hardware;Creatividad y Desarrollo;24;114;Cerrado;Ana Ruiz;50;Senior;Alta
4785;2022-07-11;;1;Redes;Soluciones Tecnológicas;24;164;En Progreso;Ana Ruiz;50;Senior;Media
4834;2022-05-08;;2;Seguridad;Servicios Globales;36;195;En Progreso;Ana Ruiz;50;Senior;Urgente
4848;2022-03-13;;1;Software;Servicios Globales;36;195;Cerrado;Ana Ruiz;50;Senior;Alta
4856;2022-09-18;;2;Seguridad;Soluciones Tecnológicas;24;164;Cerrado;Ana Ruiz;50;Senior;Baja
4892;2022-07-02;;4;Software;Inteligencia de Datos;72;195;Cerrado;Ana Ruiz;50;Senior;Media
4926;2022-12-02;;2;Redes;Servicios Globales;36;195;Cerrado;Ana Ruiz;50;Senior;Baja
4960;2022-09-02;;3;Software;Sistemas Ecológicos;24;130;Abierto;Ana Ruiz;50;Senior;Urgente
4962;2022-08-12;;3;Redes;Creatividad y Desarrollo;24;114;Abierto;Ana Ruiz;50;Senior;Media
4989;2022-08-02;;3;Hardware;Creatividad y Desarrollo;24;114;En Progreso;Ana Ruiz;50;Senior;Baja
5007;2022-02-21;;2;Software;Sostenibilidad y Progreso;48;141;En Progreso;Ana Ruiz;50;Senior;Media
5017;2022-06-22;;4;Redes;Servicios Globales;36;195;Abierto;Ana Ruiz;50;Senior;Baja
5103;2022-04-28;;3;Hardware;Redes Seguras;48;179;En Progreso;Ana Ruiz;50;Senior;Media
5128;2022-10-17;;3;Software;Sistemas Ecológicos;24;130;Abierto;Ana Ruiz;50;Senior;Alta
5190;2022-02-19;;5;Hardware;Redes Seguras;48;179;Cerrado;Ana Ruiz;50;Senior;Media
5206;2022-07-14;;2;Software;Creatividad y Desarrollo;24;114;Cerrado;Ana Ruiz;50;Senior;Urgente
5284;2022-03-06;;2;Software;Innovaciones Creativas;48;156;Abierto;Ana Ruiz;50;Senior;Urgente
5287;2022-03-26;;1;Hardware;Visión Futurista;72;196;Abierto;Ana Ruiz;50;Senior;Alta
5291;2022-08-25;;4;Hardware;Sostenibilidad y Progreso;48;141;En Progreso;Ana Ruiz;50;Senior;Alta
5360;2022-06-08;;2;Seguridad;Innovaciones Creativas;48;156;Abierto;Ana Ruiz;50;Senior;Urgente
5401;2022-06-09;;5;Hardware;Innovaciones Creativas;48;156;Cerrado;Ana Ruiz;50;Senior;Alta
5403;2022-06-11;;1;Hardware;Inteligencia de Datos;72;195;Abierto;Ana Ruiz;50;Senior;Media
5465;2022-02-23;;2;Software;Creatividad y Desarrollo;24;114;Cerrado;Ana Ruiz;50;Senior;Alta
5518;2022-08-19;;1;Software;Creatividad y Desarrollo;24;114;En Progreso;Ana Ruiz;50;Senior;Baja
5520;2022-05-25;;3;Seguridad;Avances Continuos;36;134;Abierto;Ana Ruiz;50;Senior;Baja
5545;2022-07-07;;2;Redes;Servicios Globales;36;195;Abierto;Ana Ruiz;50;Senior;Baja
5574;2022-01-28;;4;Redes;Innovaciones Creativas;48;156;Abierto;Ana Ruiz;50;Senior;Baja
5576;2022-08-30;;2;Seguridad;Avances Continuos;36;134;Abierto;Ana Ruiz;50;Senior;Alta
5624;2022-04-23;;4;Hardware;Avances Continuos;36;134;En Progreso;Ana Ruiz;50;Senior;Media
5631;2022-02-22;;3;Redes;Inteligencia de Datos;72;195;En Progreso;Ana Ruiz;50;Senior;Baja
5634;2022-10-09;;4;Software;Inteligencia de Datos;72;195;Abierto;Ana Ruiz;50;Senior;Baja
5676;2022-08-27;;2;Hardware;Visión Futurista;72;196;Cerrado;Ana Ruiz;50;Senior;Baja
5694;2022-10-08;;5;Software;Visión Futurista;72;196;Cerrado;Ana Ruiz;50;Senior;Baja
5698;2022-04-10;;2;Redes;Soluciones Tecnológicas;24;164;En Progreso;Ana Ruiz;50;Senior;Baja
5766;2022-06-25;;5;Seguridad;Servicios Globales;36;195;En Progreso;Ana Ruiz;50;Senior;Urgente
5796;2022-03-05;;5;Seguridad;Servicios Globales;36;195;Cerrado;Ana Ruiz;50;Senior;Baja
5797;2022-05-30;;3;Hardware;Innovaciones Creativas;48;156;En Progreso;Ana Ruiz;50;Senior;Baja
5869;2022-04-27;;5;Seguridad;Visión Futurista;72;196;En Progreso;Ana Ruiz;50;Senior;Baja
5908;2022-05-14;;1;Seguridad;Avances Continuos;36;134;En Progreso;Ana Ruiz;50;Senior;Media
5917;2022-03-10;;3;Software;Redes Seguras;48;179;En Progreso;Ana Ruiz;50;Senior;Urgente
5968;2022-12-02;;3;Redes;Servicios Globales;36;195;En Progreso;Ana Ruiz;50;Senior;Alta
6026;2022-03-01;;4;Seguridad;Creatividad y Desarrollo;24;114;Abierto;Ana Ruiz;50;Senior;Urgente
6202;2022-12-26;;1;Hardware;Inteligencia de Datos;72;195;Abierto;Ana Ruiz;50;Senior;Media
6212;2022-11-05;;2;Software;Innovaciones Creativas;48;156;Abierto;Ana Ruiz;50;Senior;Alta
6241;2022-08-22;;1;Hardware;Sostenibilidad y Progreso;48;141;En Progreso;Ana Ruiz;50;Senior;Baja
6273;2022-04-29;;1;Redes;Creatividad y Desarrollo;24;114;En Progreso;Ana Ruiz;50;Senior;Baja
6382;2022-06-20;;4;Redes;Sostenibilidad y Progreso;48;141;En Progreso;Ana Ruiz;50;Senior;Alta
6411;2022-05-21;;5;Redes;Creatividad y Desarrollo;24;114;Abierto;Ana Ruiz;50;Senior;Media
6417;2022-05-22;;4;Seguridad;Avances Continuos;36;134;En Progreso;Ana Ruiz;50;Senior;Urgente
6501;2022-06-04;;4;Software;Soluciones Tecnológicas;24;164;En Progreso;Ana Ruiz;50;Senior;Baja
6564;2022-12-18;;4;Seguridad;Soluciones Tecnológicas;24;164;Cerrado;Ana Ruiz;50;Senior;Alta
6616;2022-03-14;;2;Seguridad;Avances Continuos;36;134;Abierto;Ana Ruiz;50;Senior;Baja
6623;2022-09-10;;3;Seguridad;Visión Futurista;72;196;En Progreso;Ana Ruiz;50;Senior;Urgente
6661;2022-07-27;;5;Redes;Creatividad y Desarrollo;24;114;En Progreso;Ana Ruiz;50;Senior;Baja
6669;2022-05-11;;2;Software;Inteligencia de Datos;72;195;Cerrado;Ana Ruiz;50;Senior;Media
6757;2022-12-24;;3;Redes;Redes Seguras;48;179;Cerrado;Ana Ruiz;50;Senior;Urgente
6802;2022-12-13;;4;Seguridad;Servicios Globales;36;195;En Progreso;Ana Ruiz;50;Senior;Alta
6840;2022-12-17;;1;Hardware;Visión Futurista;72;196;En Progreso;Ana Ruiz;50;Senior;Urgente
7011;2022-05-17;;2;Seguridad;Innovaciones Creativas;48;156;En Progreso;Ana Ruiz;50;Senior;Alta
7053;2022-02-19;;5;Hardware;Innovaciones Creativas;48;156;Abierto;Ana Ruiz;50;Senior;Media
7087;2022-11-07;;1;Redes;Creatividad y Desarrollo;24;114;En Progreso;Ana Ruiz;50;Senior;Baja
7093;2022-12-10;;3;Hardware;Redes Seguras;48;179;Cerrado;Ana Ruiz;50;Senior;Media
7094;2022-12-30;;3;Software;Visión Futurista;72;196;Cerrado;Ana Ruiz;50;Senior;Urgente
7127;2022-06-11;;1;Software;Sistemas Ecológicos;24;130;Cerrado;Ana Ruiz;50;Senior;Media
7139;2022-08-20;;1;Hardware;Servicios Globales;36;195;Cerrado;Ana Ruiz;50;Senior;Urgente
7147;2022-05-15;;5;Software;Avances Continuos;36;134;En Progreso;Ana Ruiz;50;Senior;Alta
7183;2022-01-21;;3;Seguridad;Innovaciones Creativas;48;156;Abierto;Ana Ruiz;50;Senior;Media
7343;2022-06-18;;1;Software;Sistemas Ecológicos;24;130;En Progreso;Ana Ruiz;50;Senior;Media
7365;2022-03-31;;4;Redes;Visión Futurista;72;196;En Progreso;Ana Ruiz;50;Senior;Alta
7381;2022-05-27;;5;Seguridad;Sistemas Ecológicos;24;130;Abierto;Ana Ruiz;50;Senior;Baja
7399;2022-02-06;;5;Hardware;Sostenibilidad y Progreso;48;141;Cerrado;Ana Ruiz;50;Senior;Media
7445;2022-05-08;;2;Software;Visión Futurista;72;196;Abierto;Ana Ruiz;50;Senior;Baja
7566;2022-12-30;;2;Seguridad;Redes Seguras;48;179;Abierto;Ana Ruiz;50;Senior;Urgente
7607;2022-04-28;;5;Hardware;Visión Futurista;72;196;En Progreso;Ana Ruiz;50;Senior;Urgente
7619;2022-11-06;;1;Hardware;Visión Futurista;72;196;Abierto;Ana Ruiz;50;Senior;Urgente
7681;2022-09-15;;4;Hardware;Creatividad y Desarrollo;24;114;En Progreso;Ana Ruiz;50;Senior;Baja
7736;2022-09-16;;3;Software;Inteligencia de Datos;72;195;En Progreso;Ana Ruiz;50;Senior;Media
7771;2022-12-11;;4;Software;Innovaciones Creativas;48;156;En Progreso;Ana Ruiz;50;Senior;Urgente
7783;2022-05-18;;5;Redes;Avances Continuos;36;134;Cerrado;Ana Ruiz;50;Senior;Baja
7788;2022-12-15;;4;Software;Soluciones Tecnológicas;24;164;Abierto;Ana Ruiz;50;Senior;Urgente
7795;2022-04-25;;2;Seguridad;Sostenibilidad y Progreso;48;141;Cerrado;Ana Ruiz;50;Senior;Baja
7868;2022-09-25;;3;Hardware;Visión Futurista;72;196;Abierto;Ana Ruiz;50;Senior;Urgente
8059;2022-12-01;;2;Hardware;Visión Futurista;72;196;Cerrado;Ana Ruiz;50;Senior;Urgente
8061;2022-05-22;;1;Software;Redes Seguras;48;179;En Progreso;Ana Ruiz;50;Senior;Media
8094;2022-02-01;;2;Seguridad;Innovaciones Creativas;48;156;Cerrado;Ana Ruiz;50;Senior;Media
8097;2022-01-18;;3;Redes;Soluciones Tecnológicas;24;164;Cerrado;Ana Ruiz;50;Senior;Urgente
8145;2022-10-21;;3;Hardware;Visión Futurista;72;196;Abierto;Ana Ruiz;50;Senior;Urgente
8253;2022-06-05;;3;Software;Inteligencia de Datos;72;195;En Progreso;Ana Ruiz;50;Senior;Media
8301;2022-02-06;;4;Hardware;Soluciones Tecnológicas;24;164;Cerrado;Ana Ruiz;50;Senior;Urgente
8345;2022-04-22;;2;Software;Sistemas Ecológicos;24;130;Cerrado;Ana Ruiz;50;Senior;Alta
8367;2022-01-01;;2;Seguridad;Soluciones Tecnológicas;24;164;Cerrado;Ana Ruiz;50;Senior;Baja
8372;2022-09-01;;3;Seguridad;Inteligencia de Datos;72;195;Abierto;Ana Ruiz;50;Senior;Media
8423;2022-11-23;;1;Hardware;Sostenibilidad y Progreso;48;141;Cerrado;Ana Ruiz;50;Senior;Urgente
8427;2022-10-19;;5;Seguridad;Soluciones Tecnológicas;24;164;En Progreso;Ana Ruiz;50;Senior;Alta
8441;2022-04-14;;2;Seguridad;Avances Continuos;36;134;En Progreso;Ana Ruiz;50;Senior;Urgente
8489;2022-03-16;;1;Software;Inteligencia de Datos;72;195;Cerrado;Ana Ruiz;50;Senior;Alta
8593;2022-05-29;;2;Seguridad;Sostenibilidad y Progreso;48;141;Cerrado;Ana Ruiz;50;Senior;Alta
8597;2022-09-26;;3;Seguridad;Inteligencia de Datos;72;195;Abierto;Ana Ruiz;50;Senior;Alta
8605;2022-03-14;;1;Software;Redes Seguras;48;179;En Progreso;Ana Ruiz;50;Senior;Urgente
8613;2022-09-04;;1;Seguridad;Avances Continuos;36;134;Abierto;Ana Ruiz;50;Senior;Urgente
8633;2022-09-29;;3;Redes;Redes Seguras;48;179;Cerrado;Ana Ruiz;50;Senior;Media
8637;2022-02-26;;5;Hardware;Inteligencia de Datos;72;195;En Progreso;Ana Ruiz;50;Senior;Media
8643;2022-03-11;;4;Hardware;Creatividad y Desarrollo;24;114;Cerrado;Ana Ruiz;50;Senior;Media
8657;2022-05-08;;3;Software;Redes Seguras;48;179;Cerrado;Ana Ruiz;50;Senior;Media
8679;2022-12-25;;1;Hardware;Innovaciones Creativas;48;156;Cerrado;Ana Ruiz;50;Senior;Media
8691;2022-07-31;;2;Redes;Servicios Globales;36;195;En Progreso;Ana Ruiz;50;Senior;Baja
8716;2022-11-26;;2;Software;Sostenibilidad y Progreso;48;141;Cerrado;Ana Ruiz;50;Senior;Media
8732;2022-09-16;;5;Redes;Servicios Globales;36;195;Abierto;Ana Ruiz;50;Senior;Media
8737;2022-07-27;;2;Seguridad;Servicios Globales;36;195;Cerrado;Ana Ruiz;50;Senior;Urgente
8760;2022-10-18;;1;Seguridad;Visión Futurista;72;196;Cerrado;Ana Ruiz;50;Senior;Alta
8888;2022-09-28;;1;Redes;Inteligencia de Datos;72;195;Cerrado;Ana Ruiz;50;Senior;Urgente
8893;2022-04-14;;5;Software;Inteligencia de Datos;72;195;Cerrado;Ana Ruiz;50;Senior;Alta
8894;2022-02-13;;4;Software;Sistemas Ecológicos;24;130;Abierto;Ana Ruiz;50;Senior;Media
8905;2022-11-30;;4;Seguridad;Servicios Globales;36;195;En Progreso;Ana Ruiz;50;Senior;Baja
8924;2022-01-21;;5;Redes;Servicios Globales;36;195;En Progreso;Ana Ruiz;50;Senior;Media
8947;2022-10-26;;3;Hardware;Soluciones Tecnológicas;24;164;Abierto;Ana Ruiz;50;Senior;Alta
8951;2022-01-18;;1;Redes;Servicios Globales;36;195;Cerrado;Ana Ruiz;50;Senior;Urgente
8996;2022-09-02;;3;Redes;Sostenibilidad y Progreso;48;141;Abierto;Ana Ruiz;50;Senior;Media
9049;2022-04-22;;2;Hardware;Servicios Globales;36;195;Abierto;Ana Ruiz;50;Senior;Alta
9084;2022-01-13;;3;Software;Sostenibilidad y Progreso;48;141;En Progreso;Ana Ruiz;50;Senior;Baja
9125;2022-01-21;;4;Redes;Visión Futurista;72;196;Cerrado;Ana Ruiz;50;Senior;Urgente
9146;2022-07-01;;5;Seguridad;Soluciones Tecnológicas;24;164;Abierto;Ana Ruiz;50;Senior;Alta
9213;2022-12-03;;1;Hardware;Inteligencia de Datos;72;195;Cerrado;Ana Ruiz;50;Senior;Urgente
9238;2022-05-21;;2;Seguridad;Creatividad y Desarrollo;24;114;Cerrado;Ana Ruiz;50;Senior;Media
9262;2022-05-27;;3;Redes;Servicios Globales;36;195;En Progreso;Ana Ruiz;50;Senior;Media
9266;2022-02-27;;1;Software;Sistemas Ecológicos;24;130;En Progreso;Ana Ruiz;50;Senior;Alta
9345;2022-03-09;;5;Software;Creatividad y Desarrollo;24;114;Abierto;Ana Ruiz;50;Senior;Media
9352;2022-03-31;;2;Software;Innovaciones Creativas;48;156;En Progreso;Ana Ruiz;50;Senior;Urgente
9366;2022-12-15;;3;Seguridad;Redes Seguras;48;179;Cerrado;Ana Ruiz;50;Senior;Baja
9435;2022-05-22;;2;Software;Creatividad y Desarrollo;24;114;Abierto;Ana Ruiz;50;Senior;Alta
9638;2022-09-13;;3;Seguridad;Servicios Globales;36;195;Abierto;Ana Ruiz;50;Senior;Urgente
9669;2022-02-07;;1;Software;Avances Continuos;36;134;En Progreso;Ana Ruiz;50;Senior;Baja
9692;2022-01-04;;1;Software;Soluciones Tecnológicas;24;164;En Progreso;Ana Ruiz;50;Senior;Urgente
9702;2022-03-09;;2;Software;Sistemas Ecológicos;24;130;Cerrado;Ana Ruiz;50;Senior;Media
9720;2022-03-03;;1;Software;Visión Futurista;72;196;En Progreso;Ana Ruiz;50;Senior;Alta
9770;2022-01-22;;2;Software;Innovaciones Creativas;48;156;En Progreso;Ana Ruiz;50;Senior;Urgente
9785;2022-12-06;;1;Redes;Innovaciones Creativas;48;156;En Progreso;Ana Ruiz;50;Senior;Alta
9883;2022-04-05;;2;Hardware;Sistemas Ecológicos;24;130;Abierto;Ana Ruiz;50;Senior;Baja
9886;2022-05-30;;4;Seguridad;Sostenibilidad y Progreso;48;141;En Progreso;Ana Ruiz;50;Senior;Alta
9907;2022-02-01;;5;Hardware;Innovaciones Creativas;48;156;Abierto;Ana Ruiz;50;Senior;Baja
9937;2022-04-09;;2;Hardware;Soluciones Tecnológicas;24;164;Cerrado;Ana Ruiz;50;Senior;Alta
18;2022-02-08;;3;Hardware;Sistemas Ecológicos;24;130;En Progreso;Carlos Gómez;60;Senior;Baja
56;2022-02-15;;4;Seguridad;Inteligencia de Datos;72;195;Abierto;Carlos Gómez;60;Senior;Alta
107;2022-12-22;;1;Hardware;Servicios Globales;36;195;Cerrado;Carlos Gómez;60;Senior;Media
117;2022-11-17;;2;Seguridad;Inteligencia de Datos;72;195;Abierto;Carlos Gómez;60;Senior;Media
130;2022-08-18;;1;Seguridad;Visión Futurista;72;196;Abierto;Carlos Gómez;60;Senior;Urgente
143;2022-06-10;;4;Redes;Inteligencia de Datos;72;195;Abierto;Carlos Gómez;60;Senior;Media
148;2022-10-17;;5;Hardware;Creatividad y Desarrollo;24;114;Abierto;Carlos Gómez;60;Senior;Media
247;2022-05-21;;4;Redes;Innovaciones Creativas;48;156;Abierto;Carlos Gómez;60;Senior;Media
266;2022-10-11;;5;Hardware;Sostenibilidad y Progreso;48;141;Abierto;Carlos Gómez;60;Senior;Alta
380;2022-07-09;;1;Software;Creatividad y Desarrollo;24;114;Abierto;Carlos Gómez;60;Senior;Urgente
417;2022-12-12;;1;Seguridad;Avances Continuos;36;134;Abierto;Carlos Gómez;60;Senior;Baja
456;2022-06-15;;3;Hardware;Soluciones Tecnológicas;24;164;Abierto;Carlos Gómez;60;Senior;Alta
506;2022-06-14;;4;Redes;Sostenibilidad y Progreso;48;141;Cerrado;Carlos Gómez;60;Senior;Baja
511;2022-08-14;;3;Redes;Redes Seguras;48;179;Cerrado;Carlos Gómez;60;Senior;Urgente
527;2022-04-28;;5;Redes;Servicios Globales;36;195;En Progreso;Carlos Gómez;60;Senior;Urgente
582;2022-04-30;;2;Hardware;Redes Seguras;48;179;Abierto;Carlos Gómez;60;Senior;Alta
669;2022-07-22;;1;Software;Soluciones Tecnológicas;24;164;Cerrado;Carlos Gómez;60;Senior;Media
679;2022-06-04;;2;Software;Sistemas Ecológicos;24;130;Cerrado;Carlos Gómez;60;Senior;Alta
740;2022-05-26;;2;Redes;Inteligencia de Datos;72;195;En Progreso;Carlos Gómez;60;Senior;Alta
754;2022-04-06;;5;Hardware;Innovaciones Creativas;48;156;Abierto;Carlos Gómez;60;Senior;Urgente
782;2022-05-30;;5;Software;Sistemas Ecológicos;24;130;Cerrado;Carlos Gómez;60;Senior;Media
800;2022-02-01;;4;Software;Innovaciones Creativas;48;156;En Progreso;Carlos Gómez;60;Senior;Urgente
868;2022-10-25;;3;Hardware;Avances Continuos;36;134;En Progreso;Carlos Gómez;60;Senior;Alta
918;2022-10-23;;5;Hardware;Sistemas Ecológicos;24;130;Abierto;Carlos Gómez;60;Senior;Alta
919;2022-07-07;;1;Software;Soluciones Tecnológicas;24;164;Abierto;Carlos Gómez;60;Senior;Media
976;2022-11-29;;3;Redes;Creatividad y Desarrollo;24;114;Cerrado;Carlos Gómez;60;Senior;Baja
1028;2022-02-23;;3;Software;Servicios Globales;36;195;En Progreso;Carlos Gómez;60;Senior;Alta
1096;2022-08-08;;4;Seguridad;Redes Seguras;48;179;Abierto;Carlos Gómez;60;Senior;Alta
1102;2022-05-14;;5;Redes;Inteligencia de Datos;72;195;Cerrado;Carlos Gómez;60;Senior;Alta
1123;2022-03-04;;5;Seguridad;Innovaciones Creativas;48;156;Cerrado;Carlos Gómez;60;Senior;Alta
1159;2022-11-18;;4;Hardware;Redes Seguras;48;179;En Progreso;Carlos Gómez;60;Senior;Baja
1174;2022-07-24;;1;Redes;Creatividad y Desarrollo;24;114;Abierto;Carlos Gómez;60;Senior;Alta
1227;2022-09-16;;1;Seguridad;Visión Futurista;72;196;Cerrado;Carlos Gómez;60;Senior;Media
1230;2022-08-09;;1;Redes;Avances Continuos;36;134;En Progreso;Carlos Gómez;60;Senior;Media
1250;2022-09-14;;5;Redes;Inteligencia de Datos;72;195;Abierto;Carlos Gómez;60;Senior;Urgente
1312;2022-01-15;;3;Software;Sostenibilidad y Progreso;48;141;Cerrado;Carlos Gómez;60;Senior;Alta
1402;2022-03-17;;3;Hardware;Sistemas Ecológicos;24;130;En Progreso;Carlos Gómez;60;Senior;Alta
1443;2022-03-27;;4;Software;Creatividad y Desarrollo;24;114;Cerrado;Carlos Gómez;60;Senior;Alta
1454;2022-09-02;;3;Software;Sistemas Ecológicos;24;130;En Progreso;Carlos Gómez;60;Senior;Urgente
1496;2022-07-24;;4;Hardware;Avances Continuos;36;134;Abierto;Carlos Gómez;60;Senior;Baja
1504;2022-09-08;;1;Software;Visión Futurista;72;196;Cerrado;Carlos Gómez;60;Senior;Alta
1513;2022-06-12;;4;Software;Innovaciones Creativas;48;156;Abierto;Carlos Gómez;60;Senior;Urgente
1538;2022-07-09;;5;Software;Redes Seguras;48;179;Cerrado;Carlos Gómez;60;Senior;Media
1588;2022-12-06;;4;Redes;Visión Futurista;72;196;En Progreso;Carlos Gómez;60;Senior;Urgente
1601;2022-02-19;;5;Redes;Innovaciones Creativas;48;156;Abierto;Carlos Gómez;60;Senior;Alta
1603;2022-06-11;;5;Seguridad;Redes Seguras;48;179;Cerrado;Carlos Gómez;60;Senior;Urgente
1640;2022-11-29;;5;Software;Visión Futurista;72;196;En Progreso;Carlos Gómez;60;Senior;Baja
1745;2022-11-22;;3;Redes;Redes Seguras;48;179;En Progreso;Carlos Gómez;60;Senior;Alta
1763;2022-06-02;;5;Software;Visión Futurista;72;196;En Progreso;Carlos Gómez;60;Senior;Baja
1770;2022-01-17;;1;Software;Creatividad y Desarrollo;24;114;En Progreso;Carlos Gómez;60;Senior;Alta
1779;2022-07-22;;1;Hardware;Creatividad y Desarrollo;24;114;En Progreso;Carlos Gómez;60;Senior;Urgente
1794;2022-11-16;;1;Software;Redes Seguras;48;179;Cerrado;Carlos Gómez;60;Senior;Urgente
1861;2022-05-20;;2;Hardware;Inteligencia de Datos;72;195;En Progreso;Carlos Gómez;60;Senior;Baja
1892;2022-06-18;;5;Hardware;Sostenibilidad y Progreso;48;141;Abierto;Carlos Gómez;60;Senior;Alta
1900;2022-03-19;;3;Software;Creatividad y Desarrollo;24;114;Abierto;Carlos Gómez;60;Senior;Media
1905;2022-10-10;;4;Hardware;Servicios Globales;36;195;En Progreso;Carlos Gómez;60;Senior;Alta
1913;2022-01-19;;2;Hardware;Sostenibilidad y Progreso;48;141;Cerrado;Carlos Gómez;60;Senior;Media
1936;2022-05-11;;1;Software;Innovaciones Creativas;48;156;En Progreso;Carlos Gómez;60;Senior;Urgente
1994;2022-06-09;;2;Software;Inteligencia de Datos;72;195;Abierto;Carlos Gómez;60;Senior;Baja
2011;2022-04-23;;5;Seguridad;Redes Seguras;48;179;Abierto;Carlos Gómez;60;Senior;Media
2038;2022-11-09;;2;Hardware;Creatividad y Desarrollo;24;114;Abierto;Carlos Gómez;60;Senior;Urgente
2107;2022-12-12;;5;Hardware;Sistemas Ecológicos;24;130;Cerrado;Carlos Gómez;60;Senior;Baja
2130;2022-09-27;;1;Seguridad;Sostenibilidad y Progreso;48;141;Cerrado;Carlos Gómez;60;Senior;Urgente
2175;2022-08-01;;1;Redes;Redes Seguras;48;179;Cerrado;Carlos Gómez;60;Senior;Baja
2195;2022-02-27;;4;Software;Visión Futurista;72;196;Abierto;Carlos Gómez;60;Senior;Urgente
2221;2022-06-27;;5;Hardware;Visión Futurista;72;196;En Progreso;Carlos Gómez;60;Senior;Urgente
2259;2022-12-19;;1;Software;Redes Seguras;48;179;En Progreso;Carlos Gómez;60;Senior;Baja
2277;2022-03-15;;3;Redes;Creatividad y Desarrollo;24;114;Cerrado;Carlos Gómez;60;Senior;Baja
2319;2022-08-13;;3;Seguridad;Redes Seguras;48;179;En Progreso;Carlos Gómez;60;Senior;Urgente
2327;2022-10-10;;5;Seguridad;Redes Seguras;48;179;Abierto;Carlos Gómez;60;Senior;Alta
2374;2022-03-10;;2;Hardware;Sistemas Ecológicos;24;130;Cerrado;Carlos Gómez;60;Senior;Urgente
2414;2022-12-26;;3;Hardware;Inteligencia de Datos;72;195;Abierto;Carlos Gómez;60;Senior;Baja
2532;2022-09-21;;5;Hardware;Innovaciones Creativas;48;156;Abierto;Carlos Gómez;60;Senior;Alta
2575;2022-08-02;;3;Software;Visión Futurista;72;196;Abierto;Carlos Gómez;60;Senior;Urgente
2627;2022-08-03;;5;Hardware;Servicios Globales;36;195;Abierto;Carlos Gómez;60;Senior;Alta
2647;2022-06-10;;4;Redes;Soluciones Tecnológicas;24;164;En Progreso;Carlos Gómez;60;Senior;Media
2660;2022-02-28;;5;Seguridad;Soluciones Tecnológicas;24;164;Cerrado;Carlos Gómez;60;Senior;Baja
2712;2022-11-19;;4;Software;Soluciones Tecnológicas;24;164;Abierto;Carlos Gómez;60;Senior;Alta
2755;2022-10-11;;1;Hardware;Innovaciones Creativas;48;156;Cerrado;Carlos Gómez;60;Senior;Baja
2776;2022-07-29;;2;Seguridad;Sostenibilidad y Progreso;48;141;Abierto;Carlos Gómez;60;Senior;Baja
2786;2022-12-14;;1;Hardware;Innovaciones Creativas;48;156;Abierto;Carlos Gómez;60;Senior;Baja
2789;2022-02-04;;3;Redes;Redes Seguras;48;179;Abierto;Carlos Gómez;60;Senior;Media
2865;2022-10-06;;5;Hardware;Servicios Globales;36;195;Cerrado;Carlos Gómez;60;Senior;Urgente
2886;2022-06-21;;4;Software;Sostenibilidad y Progreso;48;141;Cerrado;Carlos Gómez;60;Senior;Urgente
2977;2022-06-02;;4;Seguridad;Servicios Globales;36;195;Abierto;Carlos Gómez;60;Senior;Baja
2980;2022-01-13;;3;Hardware;Soluciones Tecnológicas;24;164;Abierto;Carlos Gómez;60;Senior;Baja
2997;2022-10-08;;2;Seguridad;Soluciones Tecnológicas;24;164;Cerrado;Carlos Gómez;60;Senior;Media
3040;2022-10-11;;5;Seguridad;Sistemas Ecológicos;24;130;Abierto;Carlos Gómez;60;Senior;Alta
3047;2022-09-16;;4;Redes;Innovaciones Creativas;48;156;Abierto;Carlos Gómez;60;Senior;Urgente
3057;2022-10-09;;2;Seguridad;Avances Continuos;36;134;En Progreso;Carlos Gómez;60;Senior;Baja
3068;2022-07-18;;4;Hardware;Sostenibilidad y Progreso;48;141;Abierto;Carlos Gómez;60;Senior;Urgente
3185;2022-10-08;;2;Hardware;Avances Continuos;36;134;Abierto;Carlos Gómez;60;Senior;Urgente
3201;2022-03-31;;1;Redes;Redes Seguras;48;179;Cerrado;Carlos Gómez;60;Senior;Urgente
3202;2022-09-27;;4;Hardware;Redes Seguras;48;179;En Progreso;Carlos Gómez;60;Senior;Media
3212;2022-11-05;;1;Seguridad;Redes Seguras;48;179;Cerrado;Carlos Gómez;60;Senior;Baja
3219;2022-02-17;;3;Software;Redes Seguras;48;179;En Progreso;Carlos Gómez;60;Senior;Baja
3228;2022-11-24;;4;Seguridad;Inteligencia de Datos;72;195;En Progreso;Carlos Gómez;60;Senior;Urgente
3270;2022-02-18;;4;Hardware;Redes Seguras;48;179;Abierto;Carlos Gómez;60;Senior;Alta
3279;2022-05-16;;3;Software;Soluciones Tecnológicas;24;164;Abierto;Carlos Gómez;60;Senior;Baja
3313;2022-02-17;;4;Software;Avances Continuos;36;134;Abierto;Carlos Gómez;60;Senior;Urgente
3341;2022-04-29;;5;Seguridad;Visión Futurista;72;196;Abierto;Carlos Gómez;60;Senior;Alta
3422;2022-04-12;;3;Redes;Visión Futurista;72;196;En Progreso;Carlos Gómez;60;Senior;Baja
3445;2022-07-14;;2;Redes;Servicios Globales;36;195;Cerrado;Carlos Gómez;60;Senior;Media
3548;2022-10-19;;3;Seguridad;Redes Seguras;48;179;Abierto;Carlos Gómez;60;Senior;Baja
3626;2022-03-12;;3;Software;Inteligencia de Datos;72;195;En Progreso;Carlos Gómez;60;Senior;Alta
3690;2022-11-19;;5;Seguridad;Visión Futurista;72;196;Cerrado;Carlos Gómez;60;Senior;Baja
3714;2022-07-28;;3;Redes;Sistemas Ecológicos;24;130;En Progreso;Carlos Gómez;60;Senior;Baja
3723;2022-06-29;;2;Software;Creatividad y Desarrollo;24;114;Abierto;Carlos Gómez;60;Senior;Media
3820;2022-05-07;;1;Seguridad;Innovaciones Creativas;48;156;En Progreso;Carlos Gómez;60;Senior;Alta
3852;2022-09-09;;2;Hardware;Servicios Globales;36;195;Cerrado;Carlos Gómez;60;Senior;Urgente
3875;2022-09-06;;3;Seguridad;Soluciones Tecnológicas;24;164;En Progreso;Carlos Gómez;60;Senior;Media
3886;2022-11-14;;4;Hardware;Innovaciones Creativas;48;156;En Progreso;Carlos Gómez;60;Senior;Baja
3896;2022-10-03;;4;Redes;Creatividad y Desarrollo;24;114;Abierto;Carlos Gómez;60;Senior;Media
4030;2022-08-18;;2;Software;Servicios Globales;36;195;En Progreso;Carlos Gómez;60;Senior;Alta
4048;2022-04-03;;3;Seguridad;Redes Seguras;48;179;Cerrado;Carlos Gómez;60;Senior;Alta
4066;2022-05-23;;3;Hardware;Soluciones Tecnológicas;24;164;En Progreso;Carlos Gómez;60;Senior;Baja
4242;2022-04-19;;5;Seguridad;Redes Seguras;48;179;En Progreso;Carlos Gómez;60;Senior;Baja
4255;2022-11-01;;3;Software;Servicios Globales;36;195;En Progreso;Carlos Gómez;60;Senior;Baja
4290;2022-04-10;;3;Hardware;Soluciones Tecnológicas;24;164;Cerrado;Carlos Gómez;60;Senior;Media
4323;2022-08-07;;5;Seguridad;Servicios Globales;36;195;Cerrado;Carlos Gómez;60;Senior;Urgente
4368;2022-03-27;;1;Seguridad;Creatividad y Desarrollo;24;114;Abierto;Carlos Gómez;60;Senior;Urgente
4476;2022-04-01;;1;Hardware;Redes Seguras;48;179;Cerrado;Carlos Gómez;60;Senior;Media
4481;2022-04-02;;5;Seguridad;Sistemas Ecológicos;24;130;Cerrado;Carlos Gómez;60;Senior;Alta
4580;2022-10-31;;3;Redes;Sostenibilidad y Progreso;48;141;En Progreso;Carlos Gómez;60;Senior;Urgente
4583;2022-01-27;;3;Seguridad;Innovaciones Creativas;48;156;Abierto;Carlos Gómez;60;Senior;Media
4598;2022-09-28;;2;Software;Innovaciones Creativas;48;156;Abierto;Carlos Gómez;60;Senior;Media
4739;2022-05-07;;2;Hardware;Redes Seguras;48;179;Cerrado;Carlos Gómez;60;Senior;Baja
4828;2022-03-09;;1;Hardware;Inteligencia de Datos;72;195;En Progreso;Carlos Gómez;60;Senior;Alta
4838;2022-02-19;;5;Software;Creatividad y Desarrollo;24;114;En Progreso;Carlos Gómez;60;Senior;Baja
4840;2022-10-08;;2;Seguridad;Inteligencia de Datos;72;195;Cerrado;Carlos Gómez;60;Senior;Media
4876;2022-12-07;;5;Seguridad;Soluciones Tecnológicas;24;164;Abierto;Carlos Gómez;60;Senior;Alta
4941;2022-03-15;;2;Seguridad;Soluciones Tecnológicas;24;164;Abierto;Carlos Gómez;60;Senior;Media
4942;2022-08-02;;2;Software;Creatividad y Desarrollo;24;114;Cerrado;Carlos Gómez;60;Senior;Media
4944;2022-05-25;;5;Redes;Visión Futurista;72;196;Abierto;Carlos Gómez;60;Senior;Baja
5019;2022-05-11;;3;Seguridad;Innovaciones Creativas;48;156;Cerrado;Carlos Gómez;60;Senior;Alta
5036;2022-02-28;;2;Hardware;Inteligencia de Datos;72;195;En Progreso;Carlos Gómez;60;Senior;Baja
5056;2022-01-04;;4;Hardware;Sistemas Ecológicos;24;130;Abierto;Carlos Gómez;60;Senior;Alta
5150;2022-01-31;;3;Software;Inteligencia de Datos;72;195;En Progreso;Carlos Gómez;60;Senior;Alta
5178;2022-10-22;;4;Seguridad;Servicios Globales;36;195;En Progreso;Carlos Gómez;60;Senior;Urgente
5183;2022-05-20;;5;Redes;Creatividad y Desarrollo;24;114;Cerrado;Carlos Gómez;60;Senior;Urgente
5246;2022-04-01;;1;Software;Creatividad y Desarrollo;24;114;Cerrado;Carlos Gómez;60;Senior;Media
5255;2022-12-22;;5;Hardware;Visión Futurista;72;196;Abierto;Carlos Gómez;60;Senior;Urgente
5298;2022-06-30;;4;Hardware;Inteligencia de Datos;72;195;Cerrado;Carlos Gómez;60;Senior;Media
5316;2022-10-30;;5;Seguridad;Innovaciones Creativas;48;156;Cerrado;Carlos Gómez;60;Senior;Media
5356;2022-11-14;;5;Software;Inteligencia de Datos;72;195;En Progreso;Carlos Gómez;60;Senior;Baja
5402;2022-08-17;;1;Hardware;Sostenibilidad y Progreso;48;141;Abierto;Carlos Gómez;60;Senior;Media
5452;2022-09-08;;1;Redes;Avances Continuos;36;134;Cerrado;Carlos Gómez;60;Senior;Baja
5495;2022-04-05;;2;Redes;Sistemas Ecológicos;24;130;En Progreso;Carlos Gómez;60;Senior;Media
5530;2022-05-31;;2;Seguridad;Sistemas Ecológicos;24;130;Abierto;Carlos Gómez;60;Senior;Media
5566;2022-03-19;;2;Seguridad;Servicios Globales;36;195;En Progreso;Carlos Gómez;60;Senior;Media
5577;2022-02-01;;5;Seguridad;Creatividad y Desarrollo;24;114;Cerrado;Carlos Gómez;60;Senior;Media
5578;2022-09-28;;1;Redes;Creatividad y Desarrollo;24;114;Cerrado;Carlos Gómez;60;Senior;Urgente
5606;2022-10-13;;3;Redes;Inteligencia de Datos;72;195;Abierto;Carlos Gómez;60;Senior;Alta
5629;2022-10-15;;1;Redes;Creatividad y Desarrollo;24;114;En Progreso;Carlos Gómez;60;Senior;Media
5702;2022-02-22;;4;Seguridad;Servicios Globales;36;195;Abierto;Carlos Gómez;60;Senior;Urgente
5705;2022-08-07;;4;Software;Redes Seguras;48;179;Abierto;Carlos Gómez;60;Senior;Urgente
5733;2022-09-15;;5;Software;Sistemas Ecológicos;24;130;Cerrado;Carlos Gómez;60;Senior;Media
5777;2022-09-18;;5;Redes;Servicios Globales;36;195;En Progreso;Carlos Gómez;60;Senior;Urgente
5809;2022-03-18;;3;Seguridad;Sostenibilidad y Progreso;48;141;Cerrado;Carlos Gómez;60;Senior;Alta
5836;2022-11-28;;2;Hardware;Servicios Globales;36;195;Cerrado;Carlos Gómez;60;Senior;Urgente
5866;2022-11-11;;1;Redes;Innovaciones Creativas;48;156;Cerrado;Carlos Gómez;60;Senior;Alta
5874;2022-07-29;;3;Software;Servicios Globales;36;195;Abierto;Carlos Gómez;60;Senior;Media
5971;2022-05-07;;5;Hardware;Inteligencia de Datos;72;195;En Progreso;Carlos Gómez;60;Senior;Alta
5989;2022-03-16;;3;Hardware;Servicios Globales;36;195;Cerrado;Carlos Gómez;60;Senior;Urgente
6071;2022-03-30;;1;Redes;Servicios Globales;36;195;En Progreso;Carlos Gómez;60;Senior;Alta
6141;2022-01-16;;3;Redes;Sostenibilidad y Progreso;48;141;Abierto;Carlos Gómez;60;Senior;Baja
6187;2022-07-13;;3;Redes;Sostenibilidad y Progreso;48;141;Abierto;Carlos Gómez;60;Senior;Baja
6347;2022-03-23;;5;Software;Sostenibilidad y Progreso;48;141;Abierto;Carlos Gómez;60;Senior;Alta
6426;2022-08-13;;1;Redes;Soluciones Tecnológicas;24;164;En Progreso;Carlos Gómez;60;Senior;Media
6477;2022-03-01;;2;Hardware;Redes Seguras;48;179;Abierto;Carlos Gómez;60;Senior;Baja
6613;2022-11-16;;2;Seguridad;Redes Seguras;48;179;Cerrado;Carlos Gómez;60;Senior;Media
6732;2022-04-05;;2;Software;Servicios Globales;36;195;Abierto;Carlos Gómez;60;Senior;Alta
6756;2022-04-19;;2;Redes;Innovaciones Creativas;48;156;Cerrado;Carlos Gómez;60;Senior;Media
6919;2022-09-12;;2;Software;Redes Seguras;48;179;Cerrado;Carlos Gómez;60;Senior;Baja
6949;2022-03-28;;2;Redes;Soluciones Tecnológicas;24;164;Abierto;Carlos Gómez;60;Senior;Media
6960;2022-07-01;;1;Redes;Soluciones Tecnológicas;24;164;Cerrado;Carlos Gómez;60;Senior;Urgente
6973;2022-10-15;;2;Redes;Avances Continuos;36;134;En Progreso;Carlos Gómez;60;Senior;Media
6986;2022-05-07;;5;Hardware;Sostenibilidad y Progreso;48;141;En Progreso;Carlos Gómez;60;Senior;Media
7059;2022-07-12;;4;Software;Inteligencia de Datos;72;195;Cerrado;Carlos Gómez;60;Senior;Baja
7105;2022-12-28;;2;Software;Avances Continuos;36;134;En Progreso;Carlos Gómez;60;Senior;Urgente
7130;2022-11-03;;4;Seguridad;Servicios Globales;36;195;Cerrado;Carlos Gómez;60;Senior;Alta
7166;2022-06-13;;2;Software;Inteligencia de Datos;72;195;Abierto;Carlos Gómez;60;Senior;Urgente
7270;2022-12-01;;2;Hardware;Soluciones Tecnológicas;24;164;Cerrado;Carlos Gómez;60;Senior;Alta
7318;2022-07-24;;4;Hardware;Innovaciones Creativas;48;156;En Progreso;Carlos Gómez;60;Senior;Alta
7424;2022-07-27;;3;Software;Visión Futurista;72;196;Cerrado;Carlos Gómez;60;Senior;Baja
7446;2022-05-05;;1;Hardware;Inteligencia de Datos;72;195;En Progreso;Carlos Gómez;60;Senior;Urgente
7456;2022-08-26;;1;Hardware;Soluciones Tecnológicas;24;164;Cerrado;Carlos Gómez;60;Senior;Urgente
7491;2022-03-27;;5;Hardware;Redes Seguras;48;179;En Progreso;Carlos Gómez;60;Senior;Urgente
7557;2022-10-12;;4;Software;Redes Seguras;48;179;Abierto;Carlos Gómez;60;Senior;Urgente
7574;2022-07-04;;3;Redes;Sostenibilidad y Progreso;48;141;En Progreso;Carlos Gómez;60;Senior;Media
7617;2022-02-26;;2;Software;Soluciones Tecnológicas;24;164;Cerrado;Carlos Gómez;60;Senior;Baja
7626;2022-11-08;;5;Redes;Redes Seguras;48;179;Abierto;Carlos Gómez;60;Senior;Media
7670;2022-12-06;;3;Seguridad;Innovaciones Creativas;48;156;Cerrado;Carlos Gómez;60;Senior;Media
7673;2022-08-15;;4;Redes;Inteligencia de Datos;72;195;En Progreso;Carlos Gómez;60;Senior;Baja
7678;2022-11-16;;5;Redes;Innovaciones Creativas;48;156;Cerrado;Carlos Gómez;60;Senior;Media
7688;2022-11-27;;1;Seguridad;Redes Seguras;48;179;En Progreso;Carlos Gómez;60;Senior;Baja
7701;2022-10-24;;5;Hardware;Creatividad y Desarrollo;24;114;En Progreso;Carlos Gómez;60;Senior;Urgente
7728;2022-03-20;;5;Software;Creatividad y Desarrollo;24;114;Abierto;Carlos Gómez;60;Senior;Urgente
7743;2022-03-19;;5;Software;Inteligencia de Datos;72;195;Abierto;Carlos Gómez;60;Senior;Media
7849;2022-01-07;;2;Seguridad;Inteligencia de Datos;72;195;Abierto;Carlos Gómez;60;Senior;Alta
7857;2022-12-29;;1;Software;Avances Continuos;36;134;Cerrado;Carlos Gómez;60;Senior;Alta
7979;2022-10-01;;3;Hardware;Avances Continuos;36;134;En Progreso;Carlos Gómez;60;Senior;Urgente
8008;2022-02-14;;5;Redes;Redes Seguras;48;179;Cerrado;Carlos Gómez;60;Senior;Urgente
8126;2022-09-28;;1;Seguridad;Sostenibilidad y Progreso;48;141;Abierto;Carlos Gómez;60;Senior;Urgente
8131;2022-11-28;;1;Software;Visión Futurista;72;196;Cerrado;Carlos Gómez;60;Senior;Urgente
8211;2022-12-28;;3;Software;Innovaciones Creativas;48;156;Abierto;Carlos Gómez;60;Senior;Baja
8219;2022-11-18;;3;Hardware;Avances Continuos;36;134;Abierto;Carlos Gómez;60;Senior;Media
8250;2022-09-24;;5;Redes;Creatividad y Desarrollo;24;114;Cerrado;Carlos Gómez;60;Senior;Media
8255;2022-12-11;;2;Hardware;Sistemas Ecológicos;24;130;En Progreso;Carlos Gómez;60;Senior;Media
8261;2022-07-15;;3;Seguridad;Innovaciones Creativas;48;156;Cerrado;Carlos Gómez;60;Senior;Urgente
8394;2022-12-31;;5;Software;Visión Futurista;72;196;En Progreso;Carlos Gómez;60;Senior;Media
8417;2022-06-16;;3;Redes;Creatividad y Desarrollo;24;114;Abierto;Carlos Gómez;60;Senior;Media
8418;2022-07-09;;2;Hardware;Creatividad y Desarrollo;24;114;Cerrado;Carlos Gómez;60;Senior;Baja
8463;2022-07-19;;5;Software;Inteligencia de Datos;72;195;En Progreso;Carlos Gómez;60;Senior;Media
8503;2022-11-06;;2;Redes;Servicios Globales;36;195;Cerrado;Carlos Gómez;60;Senior;Alta
8511;2022-08-19;;4;Seguridad;Creatividad y Desarrollo;24;114;Cerrado;Carlos Gómez;60;Senior;Media
8538;2022-01-08;;4;Seguridad;Innovaciones Creativas;48;156;En Progreso;Carlos Gómez;60;Senior;Alta
8547;2022-05-10;;4;Seguridad;Soluciones Tecnológicas;24;164;Cerrado;Carlos Gómez;60;Senior;Urgente
8558;2022-01-06;;3;Hardware;Soluciones Tecnológicas;24;164;Abierto;Carlos Gómez;60;Senior;Baja
8585;2022-06-02;;1;Seguridad;Redes Seguras;48;179;Cerrado;Carlos Gómez;60;Senior;Baja
8673;2022-10-04;;4;Redes;Innovaciones Creativas;48;156;Abierto;Carlos Gómez;60;Senior;Alta
8726;2022-05-09;;2;Seguridad;Creatividad y Desarrollo;24;114;Cerrado;Carlos Gómez;60;Senior;Baja
8730;2022-09-25;;5;Software;Creatividad y Desarrollo;24;114;En Progreso;Carlos Gómez;60;Senior;Media
8765;2022-05-25;;1;Seguridad;Avances Continuos;36;134;Abierto;Carlos Gómez;60;Senior;Media
8804;2022-11-01;;5;Seguridad;Innovaciones Creativas;48;156;Abierto;Carlos Gómez;60;Senior;Media
8809;2022-07-13;;1;Redes;Creatividad y Desarrollo;24;114;Abierto;Carlos Gómez;60;Senior;Alta
8859;2022-09-19;;2;Software;Redes Seguras;48;179;Cerrado;Carlos Gómez;60;Senior;Urgente
8869;2022-01-07;;1;Software;Sistemas Ecológicos;24;130;Cerrado;Carlos Gómez;60;Senior;Media
8885;2022-04-14;;1;Software;Creatividad y Desarrollo;24;114;Abierto;Carlos Gómez;60;Senior;Alta
8886;2022-05-25;;4;Redes;Avances Continuos;36;134;En Progreso;Carlos Gómez;60;Senior;Urgente
8909;2022-03-03;;4;Hardware;Sistemas Ecológicos;24;130;Cerrado;Carlos Gómez;60;Senior;Baja
8927;2022-11-11;;5;Seguridad;Inteligencia de Datos;72;195;Abierto;Carlos Gómez;60;Senior;Media
8974;2022-07-30;;1;Software;Servicios Globales;36;195;Abierto;Carlos Gómez;60;Senior;Baja
8978;2022-10-28;;3;Software;Inteligencia de Datos;72;195;Cerrado;Carlos Gómez;60;Senior;Alta
9091;2022-05-08;;1;Hardware;Redes Seguras;48;179;Abierto;Carlos Gómez;60;Senior;Urgente
9100;2022-04-01;;2;Redes;Servicios Globales;36;195;Cerrado;Carlos Gómez;60;Senior;Urgente
9217;2022-04-06;;2;Seguridad;Soluciones Tecnológicas;24;164;Abierto;Carlos Gómez;60;Senior;Urgente
9229;2022-05-19;;1;Seguridad;Innovaciones Creativas;48;156;Cerrado;Carlos Gómez;60;Senior;Alta
9342;2022-12-11;;5;Software;Inteligencia de Datos;72;195;Cerrado;Carlos Gómez;60;Senior;Alta
9349;2022-07-20;;1;Hardware;Redes Seguras;48;179;Cerrado;Carlos Gómez;60;Senior;Urgente
9395;2022-01-20;;4;Seguridad;Redes Seguras;48;179;Abierto;Carlos Gómez;60;Senior;Alta
9399;2022-09-21;;3;Software;Avances Continuos;36;134;Cerrado;Carlos Gómez;60;Senior;Media
9417;2022-06-10;;5;Hardware;Servicios Globales;36;195;Cerrado;Carlos Gómez;60;Senior;Alta
9423;2022-06-05;;4;Redes;Soluciones Tecnológicas;24;164;Cerrado;Carlos Gómez;60;Senior;Media
9568;2022-09-05;;5;Redes;Inteligencia de Datos;72;195;En Progreso;Carlos Gómez;60;Senior;Baja
9589;2022-06-15;;5;Redes;Soluciones Tecnológicas;24;164;Abierto;Carlos Gómez;60;Senior;Urgente
9641;2022-10-29;;5;Redes;Visión Futurista;72;196;En Progreso;Carlos Gómez;60;Senior;Media
9667;2022-04-29;;4;Redes;Visión Futurista;72;196;Cerrado;Carlos Gómez;60;Senior;Urgente
9732;2022-06-30;;5;Software;Soluciones Tecnológicas;24;164;En Progreso;Carlos Gómez;60;Senior;Alta
9799;2022-04-06;;1;Hardware;Sostenibilidad y Progreso;48;141;En Progreso;Carlos Gómez;60;Senior;Media
9847;2022-07-01;;1;Seguridad;Visión Futurista;72;196;En Progreso;Carlos Gómez;60;Senior;Urgente
9860;2022-10-24;;1;Software;Inteligencia de Datos;72;195;En Progreso;Carlos Gómez;60;Senior;Media
9869;2022-05-01;;4;Software;Inteligencia de Datos;72;195;Cerrado;Carlos Gómez;60;Senior;Baja
9916;2022-10-23;;4;Software;Visión Futurista;72;196;Abierto;Carlos Gómez;60;Senior;Baja
9922;2022-10-09;;3;Seguridad;Creatividad y Desarrollo;24;114;En Progreso;Carlos Gómez;60;Senior;Baja
9949;2022-01-04;;4;Redes;Visión Futurista;72;196;Abierto;Carlos Gómez;60;Senior;Media
9950;2022-09-11;;5;Seguridad;Visión Futurista;72;196;Abierto;Carlos Gómez;60;Senior;Media
31;2022-01-17;;1;Redes;Creatividad y Desarrollo;24;114;Cerrado;Sofía Navarro;70;Senior;Media
39;2022-08-15;;1;Hardware;Inteligencia de Datos;72;195;Abierto;Sofía Navarro;70;Senior;Urgente
59;2022-06-16;;2;Software;Redes Seguras;48;179;Abierto;Sofía Navarro;70;Senior;Media
87;2022-10-13;;5;Software;Inteligencia de Datos;72;195;En Progreso;Sofía Navarro;70;Senior;Alta
121;2022-07-18;;3;Hardware;Sistemas Ecológicos;24;130;Abierto;Sofía Navarro;70;Senior;Baja
199;2022-08-09;;4;Seguridad;Redes Seguras;48;179;En Progreso;Sofía Navarro;70;Senior;Alta
206;2022-05-04;;5;Redes;Inteligencia de Datos;72;195;Abierto;Sofía Navarro;70;Senior;Alta
211;2022-12-12;;1;Redes;Sostenibilidad y Progreso;48;141;Cerrado;Sofía Navarro;70;Senior;Urgente
264;2022-11-26;;5;Software;Innovaciones Creativas;48;156;En Progreso;Sofía Navarro;70;Senior;Alta
310;2022-11-11;;1;Software;Visión Futurista;72;196;Abierto;Sofía Navarro;70;Senior;Urgente
377;2022-11-28;;2;Redes;Sistemas Ecológicos;24;130;En Progreso;Sofía Navarro;70;Senior;Media
383;2022-04-07;;2;Redes;Sistemas Ecológicos;24;130;Abierto;Sofía Navarro;70;Senior;Urgente
399;2022-05-03;;2;Hardware;Creatividad y Desarrollo;24;114;Cerrado;Sofía Navarro;70;Senior;Baja
423;2022-05-26;;4;Hardware;Soluciones Tecnológicas;24;164;Cerrado;Sofía Navarro;70;Senior;Baja
446;2022-10-09;;2;Redes;Creatividad y Desarrollo;24;114;En Progreso;Sofía Navarro;70;Senior;Media
467;2022-09-23;;3;Software;Inteligencia de Datos;72;195;En Progreso;Sofía Navarro;70;Senior;Baja
531;2022-08-27;;1;Software;Redes Seguras;48;179;En Progreso;Sofía Navarro;70;Senior;Alta
563;2022-05-22;;4;Seguridad;Sistemas Ecológicos;24;130;En Progreso;Sofía Navarro;70;Senior;Media
622;2022-08-03;;4;Software;Soluciones Tecnológicas;24;164;Cerrado;Sofía Navarro;70;Senior;Urgente
700;2022-08-25;;5;Software;Sostenibilidad y Progreso;48;141;En Progreso;Sofía Navarro;70;Senior;Urgente
716;2022-05-18;;4;Seguridad;Creatividad y Desarrollo;24;114;Abierto;Sofía Navarro;70;Senior;Alta
720;2022-08-16;;2;Hardware;Inteligencia de Datos;72;195;En Progreso;Sofía Navarro;70;Senior;Urgente
726;2022-01-21;;1;Software;Avances Continuos;36;134;En Progreso;Sofía Navarro;70;Senior;Media
796;2022-12-13;;2;Redes;Sostenibilidad y Progreso;48;141;Cerrado;Sofía Navarro;70;Senior;Media
924;2022-01-08;;5;Seguridad;Sostenibilidad y Progreso;48;141;Abierto;Sofía Navarro;70;Senior;Media
1017;2022-06-20;;2;Redes;Redes Seguras;48;179;Abierto;Sofía Navarro;70;Senior;Baja
1022;2022-06-16;;5;Hardware;Redes Seguras;48;179;En Progreso;Sofía Navarro;70;Senior;Baja
1084;2022-11-04;;1;Hardware;Soluciones Tecnológicas;24;164;En Progreso;Sofía Navarro;70;Senior;Media
1140;2022-08-15;;1;Software;Sostenibilidad y Progreso;48;141;Abierto;Sofía Navarro;70;Senior;Alta
1162;2022-02-17;;1;Seguridad;Creatividad y Desarrollo;24;114;Cerrado;Sofía Navarro;70;Senior;Media
1184;2022-07-25;;5;Software;Servicios Globales;36;195;En Progreso;Sofía Navarro;70;Senior;Alta
1279;2022-12-10;;4;Hardware;Inteligencia de Datos;72;195;Cerrado;Sofía Navarro;70;Senior;Urgente
1294;2022-06-28;;5;Seguridad;Redes Seguras;48;179;Cerrado;Sofía Navarro;70;Senior;Media
1295;2022-01-04;;4;Redes;Sistemas Ecológicos;24;130;Cerrado;Sofía Navarro;70;Senior;Media
1321;2022-07-22;;1;Seguridad;Sostenibilidad y Progreso;48;141;En Progreso;Sofía Navarro;70;Senior;Baja
1323;2022-06-23;;4;Software;Redes Seguras;48;179;En Progreso;Sofía Navarro;70;Senior;Media
1426;2022-11-06;;3;Redes;Visión Futurista;72;196;En Progreso;Sofía Navarro;70;Senior;Alta
1429;2022-07-27;;1;Software;Creatividad y Desarrollo;24;114;Cerrado;Sofía Navarro;70;Senior;Media
1467;2022-09-07;;4;Hardware;Visión Futurista;72;196;Abierto;Sofía Navarro;70;Senior;Alta
1524;2022-11-28;;5;Software;Sostenibilidad y Progreso;48;141;Abierto;Sofía Navarro;70;Senior;Urgente
1636;2022-03-06;;1;Seguridad;Sostenibilidad y Progreso;48;141;Cerrado;Sofía Navarro;70;Senior;Urgente
1660;2022-02-19;;4;Seguridad;Innovaciones Creativas;48;156;Cerrado;Sofía Navarro;70;Senior;Media
1811;2022-10-13;;3;Redes;Sistemas Ecológicos;24;130;En Progreso;Sofía Navarro;70;Senior;Alta
1837;2022-02-17;;2;Redes;Redes Seguras;48;179;En Progreso;Sofía Navarro;70;Senior;Urgente
1842;2022-06-07;;2;Seguridad;Inteligencia de Datos;72;195;En Progreso;Sofía Navarro;70;Senior;Urgente
1850;2022-07-24;;1;Software;Soluciones Tecnológicas;24;164;En Progreso;Sofía Navarro;70;Senior;Urgente
1906;2022-11-01;;3;Hardware;Sistemas Ecológicos;24;130;Cerrado;Sofía Navarro;70;Senior;Urgente
1908;2022-06-27;;3;Software;Avances Continuos;36;134;Abierto;Sofía Navarro;70;Senior;Media
1943;2022-01-01;;3;Redes;Avances Continuos;36;134;Cerrado;Sofía Navarro;70;Senior;Alta
1958;2022-07-20;;1;Hardware;Servicios Globales;36;195;En Progreso;Sofía Navarro;70;Senior;Urgente
1969;2022-06-29;;5;Redes;Visión Futurista;72;196;Abierto;Sofía Navarro;70;Senior;Media
1971;2022-03-04;;4;Software;Visión Futurista;72;196;Abierto;Sofía Navarro;70;Senior;Media
1992;2022-04-17;;5;Seguridad;Innovaciones Creativas;48;156;En Progreso;Sofía Navarro;70;Senior;Baja
2017;2022-08-29;;1;Redes;Visión Futurista;72;196;Cerrado;Sofía Navarro;70;Senior;Alta
2069;2022-07-07;;3;Software;Soluciones Tecnológicas;24;164;Cerrado;Sofía Navarro;70;Senior;Alta
2139;2022-12-24;;1;Hardware;Redes Seguras;48;179;Cerrado;Sofía Navarro;70;Senior;Alta
2148;2022-01-05;;1;Seguridad;Visión Futurista;72;196;Cerrado;Sofía Navarro;70;Senior;Alta
2161;2022-03-26;;5;Redes;Soluciones Tecnológicas;24;164;Cerrado;Sofía Navarro;70;Senior;Alta
2198;2022-02-25;;1;Redes;Creatividad y Desarrollo;24;114;Abierto;Sofía Navarro;70;Senior;Alta
2252;2022-12-08;;4;Hardware;Avances Continuos;36;134;En Progreso;Sofía Navarro;70;Senior;Media
2282;2022-08-26;;5;Redes;Servicios Globales;36;195;En Progreso;Sofía Navarro;70;Senior;Urgente
2296;2022-09-25;;5;Software;Soluciones Tecnológicas;24;164;Abierto;Sofía Navarro;70;Senior;Alta
2390;2022-04-14;;3;Seguridad;Sistemas Ecológicos;24;130;En Progreso;Sofía Navarro;70;Senior;Alta
2441;2022-06-20;;2;Hardware;Visión Futurista;72;196;Abierto;Sofía Navarro;70;Senior;Alta
2446;2022-07-05;;1;Redes;Servicios Globales;36;195;En Progreso;Sofía Navarro;70;Senior;Urgente
2587;2022-10-28;;1;Software;Soluciones Tecnológicas;24;164;En Progreso;Sofía Navarro;70;Senior;Baja
2749;2022-11-03;;3;Hardware;Sostenibilidad y Progreso;48;141;En Progreso;Sofía Navarro;70;Senior;Baja
2753;2022-11-09;;2;Redes;Sostenibilidad y Progreso;48;141;Abierto;Sofía Navarro;70;Senior;Baja
2832;2022-12-06;;5;Software;Creatividad y Desarrollo;24;114;Cerrado;Sofía Navarro;70;Senior;Media
2924;2022-05-02;;5;Hardware;Sistemas Ecológicos;24;130;Abierto;Sofía Navarro;70;Senior;Baja
2931;2022-06-13;;1;Seguridad;Inteligencia de Datos;72;195;En Progreso;Sofía Navarro;70;Senior;Baja
2951;2022-05-02;;2;Seguridad;Redes Seguras;48;179;En Progreso;Sofía Navarro;70;Senior;Media
2999;2022-02-12;;3;Redes;Servicios Globales;36;195;En Progreso;Sofía Navarro;70;Senior;Baja
3008;2022-02-17;;2;Software;Soluciones Tecnológicas;24;164;Cerrado;Sofía Navarro;70;Senior;Media
3025;2022-04-07;;1;Software;Soluciones Tecnológicas;24;164;Cerrado;Sofía Navarro;70;Senior;Media
3090;2022-09-12;;4;Seguridad;Avances Continuos;36;134;Cerrado;Sofía Navarro;70;Senior;Media
3100;2022-07-31;;2;Software;Inteligencia de Datos;72;195;En Progreso;Sofía Navarro;70;Senior;Baja
3115;2022-06-11;;4;Seguridad;Sistemas Ecológicos;24;130;Abierto;Sofía Navarro;70;Senior;Alta
3159;2022-04-19;;4;Software;Servicios Globales;36;195;Abierto;Sofía Navarro;70;Senior;Media
3170;2022-08-04;;4;Redes;Innovaciones Creativas;48;156;Abierto;Sofía Navarro;70;Senior;Alta
3233;2022-12-24;;1;Hardware;Creatividad y Desarrollo;24;114;En Progreso;Sofía Navarro;70;Senior;Urgente
3246;2022-03-30;;5;Seguridad;Soluciones Tecnológicas;24;164;En Progreso;Sofía Navarro;70;Senior;Alta
3290;2022-05-30;;1;Redes;Sistemas Ecológicos;24;130;Abierto;Sofía Navarro;70;Senior;Media
3335;2022-05-08;;3;Software;Visión Futurista;72;196;Abierto;Sofía Navarro;70;Senior;Alta
3349;2022-07-24;;4;Seguridad;Inteligencia de Datos;72;195;En Progreso;Sofía Navarro;70;Senior;Alta
3399;2022-11-19;;5;Hardware;Redes Seguras;48;179;Abierto;Sofía Navarro;70;Senior;Alta
3440;2022-04-12;;5;Redes;Servicios Globales;36;195;Abierto;Sofía Navarro;70;Senior;Urgente
3441;2022-11-20;;3;Hardware;Servicios Globales;36;195;En Progreso;Sofía Navarro;70;Senior;Media
3469;2022-02-24;;3;Redes;Inteligencia de Datos;72;195;En Progreso;Sofía Navarro;70;Senior;Media
3494;2022-01-31;;5;Software;Servicios Globales;36;195;En Progreso;Sofía Navarro;70;Senior;Urgente
3506;2022-06-27;;2;Software;Creatividad y Desarrollo;24;114;En Progreso;Sofía Navarro;70;Senior;Media
3603;2022-03-04;;1;Seguridad;Sistemas Ecológicos;24;130;Cerrado;Sofía Navarro;70;Senior;Urgente
3698;2022-04-29;;1;Software;Creatividad y Desarrollo;24;114;Abierto;Sofía Navarro;70;Senior;Baja
3735;2022-07-17;;5;Hardware;Visión Futurista;72;196;En Progreso;Sofía Navarro;70;Senior;Urgente
3737;2022-08-08;;3;Redes;Sistemas Ecológicos;24;130;Abierto;Sofía Navarro;70;Senior;Baja
3762;2022-05-22;;3;Hardware;Sostenibilidad y Progreso;48;141;Cerrado;Sofía Navarro;70;Senior;Media
3813;2022-06-02;;4;Seguridad;Sostenibilidad y Progreso;48;141;Abierto;Sofía Navarro;70;Senior;Baja
3829;2022-01-14;;1;Redes;Inteligencia de Datos;72;195;Cerrado;Sofía Navarro;70;Senior;Urgente
3909;2022-03-04;;2;Seguridad;Sostenibilidad y Progreso;48;141;Cerrado;Sofía Navarro;70;Senior;Alta
3949;2022-10-13;;3;Redes;Avances Continuos;36;134;Abierto;Sofía Navarro;70;Senior;Urgente
4092;2022-10-24;;4;Hardware;Soluciones Tecnológicas;24;164;En Progreso;Sofía Navarro;70;Senior;Baja
4102;2022-05-12;;3;Redes;Visión Futurista;72;196;Cerrado;Sofía Navarro;70;Senior;Urgente
4106;2022-04-04;;5;Software;Innovaciones Creativas;48;156;En Progreso;Sofía Navarro;70;Senior;Media
4162;2022-01-22;;2;Hardware;Inteligencia de Datos;72;195;Abierto;Sofía Navarro;70;Senior;Alta
4200;2022-08-20;;4;Redes;Creatividad y Desarrollo;24;114;Abierto;Sofía Navarro;70;Senior;Baja
4340;2022-01-14;;1;Software;Avances Continuos;36;134;Abierto;Sofía Navarro;70;Senior;Media
4364;2022-05-30;;4;Hardware;Soluciones Tecnológicas;24;164;Abierto;Sofía Navarro;70;Senior;Urgente
4497;2022-08-20;;3;Redes;Sostenibilidad y Progreso;48;141;Abierto;Sofía Navarro;70;Senior;Urgente
4500;2022-03-13;;3;Redes;Sostenibilidad y Progreso;48;141;En Progreso;Sofía Navarro;70;Senior;Media
4523;2022-04-27;;3;Redes;Redes Seguras;48;179;Abierto;Sofía Navarro;70;Senior;Urgente
4603;2022-01-27;;2;Seguridad;Soluciones Tecnológicas;24;164;Abierto;Sofía Navarro;70;Senior;Media
4672;2022-01-20;;1;Hardware;Inteligencia de Datos;72;195;Cerrado;Sofía Navarro;70;Senior;Alta
4743;2022-04-23;;2;Hardware;Redes Seguras;48;179;En Progreso;Sofía Navarro;70;Senior;Media
4754;2022-01-03;;4;Software;Sistemas Ecológicos;24;130;Abierto;Sofía Navarro;70;Senior;Baja
4803;2022-12-29;;3;Software;Soluciones Tecnológicas;24;164;Cerrado;Sofía Navarro;70;Senior;Media
4804;2022-06-11;;2;Redes;Redes Seguras;48;179;Cerrado;Sofía Navarro;70;Senior;Alta
4822;2022-06-11;;5;Redes;Innovaciones Creativas;48;156;Abierto;Sofía Navarro;70;Senior;Media
4844;2022-08-07;;5;Redes;Inteligencia de Datos;72;195;En Progreso;Sofía Navarro;70;Senior;Urgente
4874;2022-07-27;;3;Hardware;Sistemas Ecológicos;24;130;Abierto;Sofía Navarro;70;Senior;Baja
4908;2022-04-12;;5;Redes;Redes Seguras;48;179;Cerrado;Sofía Navarro;70;Senior;Alta
4979;2022-04-04;;1;Software;Visión Futurista;72;196;En Progreso;Sofía Navarro;70;Senior;Alta
5004;2022-06-24;;2;Redes;Soluciones Tecnológicas;24;164;En Progreso;Sofía Navarro;70;Senior;Baja
5021;2022-12-19;;2;Software;Visión Futurista;72;196;En Progreso;Sofía Navarro;70;Senior;Media
5069;2022-08-29;;1;Hardware;Redes Seguras;48;179;Cerrado;Sofía Navarro;70;Senior;Baja
5070;2022-07-24;;2;Software;Innovaciones Creativas;48;156;Cerrado;Sofía Navarro;70;Senior;Urgente
5107;2022-10-13;;4;Software;Creatividad y Desarrollo;24;114;Abierto;Sofía Navarro;70;Senior;Urgente
5112;2022-12-31;;5;Redes;Innovaciones Creativas;48;156;Abierto;Sofía Navarro;70;Senior;Urgente
5212;2022-12-03;;2;Redes;Inteligencia de Datos;72;195;Cerrado;Sofía Navarro;70;Senior;Baja
5218;2022-08-31;;3;Software;Avances Continuos;36;134;Cerrado;Sofía Navarro;70;Senior;Media
5295;2022-07-11;;1;Seguridad;Servicios Globales;36;195;Cerrado;Sofía Navarro;70;Senior;Baja
5308;2022-07-08;;2;Seguridad;Innovaciones Creativas;48;156;En Progreso;Sofía Navarro;70;Senior;Media
5314;2022-07-04;;3;Seguridad;Sostenibilidad y Progreso;48;141;Abierto;Sofía Navarro;70;Senior;Media
5348;2022-06-02;;5;Software;Sistemas Ecológicos;24;130;Abierto;Sofía Navarro;70;Senior;Alta
5357;2022-02-27;;5;Seguridad;Soluciones Tecnológicas;24;164;Abierto;Sofía Navarro;70;Senior;Media
5371;2022-01-08;;1;Hardware;Sostenibilidad y Progreso;48;141;Abierto;Sofía Navarro;70;Senior;Urgente
5490;2022-12-24;;2;Seguridad;Inteligencia de Datos;72;195;En Progreso;Sofía Navarro;70;Senior;Alta
5492;2022-03-10;;1;Redes;Visión Futurista;72;196;Abierto;Sofía Navarro;70;Senior;Alta
5523;2022-09-28;;1;Software;Visión Futurista;72;196;En Progreso;Sofía Navarro;70;Senior;Alta
5527;2022-03-08;;4;Hardware;Visión Futurista;72;196;Abierto;Sofía Navarro;70;Senior;Baja
5532;2022-01-02;;4;Software;Visión Futurista;72;196;En Progreso;Sofía Navarro;70;Senior;Baja
5595;2022-06-02;;5;Redes;Inteligencia de Datos;72;195;En Progreso;Sofía Navarro;70;Senior;Baja
5842;2022-07-11;;4;Redes;Visión Futurista;72;196;Abierto;Sofía Navarro;70;Senior;Baja
6077;2022-07-01;;3;Software;Innovaciones Creativas;48;156;Cerrado;Sofía Navarro;70;Senior;Media
6136;2022-06-23;;5;Seguridad;Avances Continuos;36;134;En Progreso;Sofía Navarro;70;Senior;Baja
6221;2022-04-18;;4;Software;Servicios Globales;36;195;Cerrado;Sofía Navarro;70;Senior;Baja
6266;2022-06-22;;5;Software;Visión Futurista;72;196;En Progreso;Sofía Navarro;70;Senior;Alta
6319;2022-10-16;;2;Seguridad;Sostenibilidad y Progreso;48;141;En Progreso;Sofía Navarro;70;Senior;Media
6338;2022-07-27;;5;Redes;Servicios Globales;36;195;En Progreso;Sofía Navarro;70;Senior;Baja
6380;2022-10-17;;1;Software;Sostenibilidad y Progreso;48;141;Abierto;Sofía Navarro;70;Senior;Baja
6391;2022-06-11;;4;Software;Redes Seguras;48;179;Cerrado;Sofía Navarro;70;Senior;Urgente
6482;2022-01-04;;3;Hardware;Innovaciones Creativas;48;156;Cerrado;Sofía Navarro;70;Senior;Alta
6531;2022-08-30;;1;Hardware;Inteligencia de Datos;72;195;Cerrado;Sofía Navarro;70;Senior;Alta
6547;2022-06-12;;2;Redes;Sistemas Ecológicos;24;130;En Progreso;Sofía Navarro;70;Senior;Baja
6572;2022-11-24;;5;Hardware;Servicios Globales;36;195;Cerrado;Sofía Navarro;70;Senior;Baja
6607;2022-11-13;;3;Hardware;Redes Seguras;48;179;Abierto;Sofía Navarro;70;Senior;Baja
6715;2022-11-07;;1;Software;Creatividad y Desarrollo;24;114;Abierto;Sofía Navarro;70;Senior;Media
6730;2022-01-31;;4;Redes;Avances Continuos;36;134;Abierto;Sofía Navarro;70;Senior;Alta
6797;2022-06-15;;1;Hardware;Inteligencia de Datos;72;195;Cerrado;Sofía Navarro;70;Senior;Baja
6853;2022-03-04;;3;Hardware;Sistemas Ecológicos;24;130;En Progreso;Sofía Navarro;70;Senior;Baja
6895;2022-08-13;;3;Software;Inteligencia de Datos;72;195;En Progreso;Sofía Navarro;70;Senior;Urgente
6945;2022-04-15;;2;Hardware;Redes Seguras;48;179;Cerrado;Sofía Navarro;70;Senior;Alta
6982;2022-09-14;;1;Seguridad;Innovaciones Creativas;48;156;Cerrado;Sofía Navarro;70;Senior;Baja
7012;2022-06-30;;3;Hardware;Creatividad y Desarrollo;24;114;En Progreso;Sofía Navarro;70;Senior;Urgente
7121;2022-04-19;;2;Redes;Soluciones Tecnológicas;24;164;Abierto;Sofía Navarro;70;Senior;Alta
7232;2022-01-07;;5;Redes;Innovaciones Creativas;48;156;En Progreso;Sofía Navarro;70;Senior;Alta
7268;2022-07-31;;1;Seguridad;Servicios Globales;36;195;En Progreso;Sofía Navarro;70;Senior;Baja
7276;2022-08-11;;1;Redes;Inteligencia de Datos;72;195;Abierto;Sofía Navarro;70;Senior;Media
7300;2022-06-16;;2;Software;Avances Continuos;36;134;Cerrado;Sofía Navarro;70;Senior;Urgente
7313;2022-09-12;;5;Seguridad;Servicios Globales;36;195;En Progreso;Sofía Navarro;70;Senior;Urgente
7366;2022-05-23;;3;Seguridad;Servicios Globales;36;195;En Progreso;Sofía Navarro;70;Senior;Alta
7390;2022-12-01;;4;Software;Sostenibilidad y Progreso;48;141;En Progreso;Sofía Navarro;70;Senior;Baja
7413;2022-04-27;;1;Seguridad;Innovaciones Creativas;48;156;En Progreso;Sofía Navarro;70;Senior;Urgente
7451;2022-07-07;;4;Redes;Visión Futurista;72;196;Cerrado;Sofía Navarro;70;Senior;Media
7506;2022-10-06;;3;Redes;Inteligencia de Datos;72;195;Abierto;Sofía Navarro;70;Senior;Alta
7659;2022-07-08;;4;Redes;Avances Continuos;36;134;En Progreso;Sofía Navarro;70;Senior;Alta
7874;2022-04-11;;1;Hardware;Innovaciones Creativas;48;156;En Progreso;Sofía Navarro;70;Senior;Baja
7906;2022-09-14;;1;Hardware;Servicios Globales;36;195;Abierto;Sofía Navarro;70;Senior;Urgente
7920;2022-06-12;;5;Redes;Sostenibilidad y Progreso;48;141;En Progreso;Sofía Navarro;70;Senior;Urgente
7958;2022-02-15;;5;Hardware;Sistemas Ecológicos;24;130;En Progreso;Sofía Navarro;70;Senior;Alta
7971;2022-04-17;;1;Redes;Soluciones Tecnológicas;24;164;Cerrado;Sofía Navarro;70;Senior;Urgente
7992;2022-08-05;;2;Redes;Creatividad y Desarrollo;24;114;Abierto;Sofía Navarro;70;Senior;Baja
8021;2022-12-17;;2;Hardware;Creatividad y Desarrollo;24;114;Abierto;Sofía Navarro;70;Senior;Baja
8031;2022-06-04;;1;Seguridad;Inteligencia de Datos;72;195;Abierto;Sofía Navarro;70;Senior;Media
8069;2022-04-21;;3;Hardware;Innovaciones Creativas;48;156;Cerrado;Sofía Navarro;70;Senior;Baja
8106;2022-04-24;;2;Seguridad;Visión Futurista;72;196;Abierto;Sofía Navarro;70;Senior;Urgente
8169;2022-11-10;;4;Hardware;Visión Futurista;72;196;Cerrado;Sofía Navarro;70;Senior;Urgente
8190;2022-05-20;;5;Hardware;Creatividad y Desarrollo;24;114;En Progreso;Sofía Navarro;70;Senior;Media
8203;2022-11-01;;2;Redes;Innovaciones Creativas;48;156;En Progreso;Sofía Navarro;70;Senior;Baja
8239;2022-05-23;;5;Redes;Servicios Globales;36;195;En Progreso;Sofía Navarro;70;Senior;Alta
8334;2022-06-10;;1;Redes;Sistemas Ecológicos;24;130;Abierto;Sofía Navarro;70;Senior;Alta
8396;2022-04-21;;2;Software;Redes Seguras;48;179;Cerrado;Sofía Navarro;70;Senior;Urgente
8421;2022-12-10;;4;Seguridad;Visión Futurista;72;196;Cerrado;Sofía Navarro;70;Senior;Media
8467;2022-04-07;;1;Redes;Redes Seguras;48;179;Cerrado;Sofía Navarro;70;Senior;Alta
8572;2022-08-07;;3;Software;Inteligencia de Datos;72;195;Cerrado;Sofía Navarro;70;Senior;Media
8606;2022-04-10;;1;Hardware;Innovaciones Creativas;48;156;En Progreso;Sofía Navarro;70;Senior;Urgente
8653;2022-07-09;;2;Seguridad;Sostenibilidad y Progreso;48;141;En Progreso;Sofía Navarro;70;Senior;Urgente
8666;2022-10-14;;4;Hardware;Sostenibilidad y Progreso;48;141;Abierto;Sofía Navarro;70;Senior;Alta
8795;2022-04-28;;5;Seguridad;Servicios Globales;36;195;Cerrado;Sofía Navarro;70;Senior;Urgente
8832;2022-01-27;;3;Software;Sostenibilidad y Progreso;48;141;Cerrado;Sofía Navarro;70;Senior;Media
8870;2022-10-27;;2;Redes;Inteligencia de Datos;72;195;Cerrado;Sofía Navarro;70;Senior;Media
8882;2022-10-27;;1;Seguridad;Servicios Globales;36;195;Cerrado;Sofía Navarro;70;Senior;Media
8892;2022-05-21;;4;Hardware;Redes Seguras;48;179;Abierto;Sofía Navarro;70;Senior;Media
8910;2022-03-03;;3;Software;Innovaciones Creativas;48;156;En Progreso;Sofía Navarro;70;Senior;Baja
9003;2022-05-02;;5;Seguridad;Sostenibilidad y Progreso;48;141;Abierto;Sofía Navarro;70;Senior;Media
9029;2022-09-25;;4;Seguridad;Redes Seguras;48;179;Abierto;Sofía Navarro;70;Senior;Media
9089;2022-11-12;;1;Seguridad;Redes Seguras;48;179;Abierto;Sofía Navarro;70;Senior;Urgente
9097;2022-11-20;;3;Software;Creatividad y Desarrollo;24;114;Abierto;Sofía Navarro;70;Senior;Media
9116;2022-09-03;;1;Redes;Avances Continuos;36;134;Cerrado;Sofía Navarro;70;Senior;Alta
9203;2022-10-10;;1;Hardware;Soluciones Tecnológicas;24;164;Abierto;Sofía Navarro;70;Senior;Baja
9215;2022-05-25;;5;Software;Sostenibilidad y Progreso;48;141;Abierto;Sofía Navarro;70;Senior;Urgente
9357;2022-10-26;;1;Seguridad;Creatividad y Desarrollo;24;114;En Progreso;Sofía Navarro;70;Senior;Media
9368;2022-04-28;;2;Redes;Creatividad y Desarrollo;24;114;En Progreso;Sofía Navarro;70;Senior;Baja
9434;2022-11-11;;3;Redes;Innovaciones Creativas;48;156;Cerrado;Sofía Navarro;70;Senior;Media
9482;2022-12-16;;4;Software;Soluciones Tecnológicas;24;164;En Progreso;Sofía Navarro;70;Senior;Alta
9540;2022-06-28;;2;Seguridad;Redes Seguras;48;179;Abierto;Sofía Navarro;70;Senior;Media
9615;2022-02-03;;5;Seguridad;Sostenibilidad y Progreso;48;141;Cerrado;Sofía Navarro;70;Senior;Urgente
9633;2022-12-30;;5;Software;Avances Continuos;36;134;Cerrado;Sofía Navarro;70;Senior;Urgente
9643;2022-06-11;;3;Redes;Avances Continuos;36;134;En Progreso;Sofía Navarro;70;Senior;Urgente
9683;2022-01-12;;5;Software;Sistemas Ecológicos;24;130;En Progreso;Sofía Navarro;70;Senior;Urgente
9753;2022-04-21;;4;Software;Innovaciones Creativas;48;156;Abierto;Sofía Navarro;70;Senior;Media
9760;2022-12-27;;2;Seguridad;Inteligencia de Datos;72;195;Cerrado;Sofía Navarro;70;Senior;Alta
9815;2022-07-31;;2;Software;Servicios Globales;36;195;En Progreso;Sofía Navarro;70;Senior;Urgente
9865;2022-07-28;;3;Software;Servicios Globales;36;195;En Progreso;Sofía Navarro;70;Senior;Alta
9878;2022-03-26;;4;Software;Soluciones Tecnológicas;24;164;Cerrado;Sofía Navarro;70;Senior;Alta
9893;2022-09-08;;1;Hardware;Servicios Globales;36;195;Cerrado;Sofía Navarro;70;Senior;Media
9921;2022-12-18;;1;Redes;Avances Continuos;36;134;En Progreso;Sofía Navarro;70;Senior;Alta
9984;2022-03-05;;4;Seguridad;Sostenibilidad y Progreso;48;141;En Progreso;Sofía Navarro;70;Senior;Media
9985;2022-08-28;;4;Redes;Avances Continuos;36;134;En Progreso;Sofía Navarro;70;Senior;Alta
166;2022-03-06;;4;Software;Avances Continuos;36;134;Abierto;María López;55;Medio;Urgente
215;2022-04-15;;4;Hardware;Avances Continuos;36;134;Abierto;María López;55;Medio;Media
321;2022-03-08;;2;Software;Avances Continuos;36;134;Abierto;María López;55;Medio;Urgente
821;2022-05-08;;5;Software;Visión Futurista;72;196;Cerrado;María López;55;Medio;Baja
827;2022-09-10;;2;Hardware;Visión Futurista;72;196;Abierto;María López;55;Medio;Media
979;2022-07-08;;3;Redes;Avances Continuos;36;134;En Progreso;María López;55;Medio;Alta
1196;2022-08-12;;1;Hardware;Visión Futurista;72;196;Abierto;María López;55;Medio;Urgente
1313;2022-10-19;;4;Seguridad;Visión Futurista;72;196;Abierto;María López;55;Medio;Urgente
2033;2022-08-14;;5;Hardware;Avances Continuos;36;134;En Progreso;María López;55;Medio;Baja
2387;2022-01-30;;4;Seguridad;Avances Continuos;36;134;En Progreso;María López;55;Medio;Alta
2672;2022-02-18;;1;Redes;Avances Continuos;36;134;Abierto;María López;55;Medio;Urgente
2692;2022-05-09;;5;Software;Avances Continuos;36;134;Abierto;María López;55;Medio;Media
2856;2022-07-05;;2;Software;Visión Futurista;72;196;En Progreso;María López;55;Medio;Media
3215;2022-05-30;;5;Seguridad;Avances Continuos;36;134;Cerrado;María López;55;Medio;Baja
3641;2022-12-25;;3;Hardware;Visión Futurista;72;196;Cerrado;María López;55;Medio;Media
4148;2022-02-05;;2;Software;Avances Continuos;36;134;En Progreso;María López;55;Medio;Urgente
4377;2022-07-16;;1;Seguridad;Avances Continuos;36;134;Cerrado;María López;55;Medio;Alta
4573;2022-08-31;;2;Redes;Visión Futurista;72;196;En Progreso;María López;55;Medio;Baja
4895;2022-06-06;;3;Hardware;Visión Futurista;72;196;Abierto;María López;55;Medio;Alta
4999;2022-02-01;;2;Software;Visión Futurista;72;196;Abierto;María López;55;Medio;Alta
5024;2022-12-08;;2;Software;Avances Continuos;36;134;Abierto;María López;55;Medio;Baja
5136;2022-06-24;;2;Redes;Avances Continuos;36;134;Abierto;María López;55;Medio;Alta
5450;2022-12-19;;1;Software;Avances Continuos;36;134;En Progreso;María López;55;Medio;Media
5560;2022-03-21;;3;Seguridad;Visión Futurista;72;196;Cerrado;María López;55;Medio;Alta
5762;2022-07-15;;4;Redes;Avances Continuos;36;134;En Progreso;María López;55;Medio;Baja
6654;2022-01-26;;5;Seguridad;Avances Continuos;36;134;En Progreso;María López;55;Medio;Alta
6864;2022-04-27;;4;Redes;Visión Futurista;72;196;Abierto;María López;55;Medio;Media
7282;2022-03-02;;3;Seguridad;Avances Continuos;36;134;En Progreso;María López;55;Medio;Media
7428;2022-02-10;;3;Software;Avances Continuos;36;134;En Progreso;María López;55;Medio;Media
7464;2022-09-17;;3;Software;Avances Continuos;36;134;En Progreso;María López;55;Medio;Alta
7869;2022-02-24;;2;Seguridad;Visión Futurista;72;196;Abierto;María López;55;Medio;Media
7898;2022-07-11;;1;Hardware;Visión Futurista;72;196;Cerrado;María López;55;Medio;Urgente
8308;2022-06-04;;3;Redes;Visión Futurista;72;196;En Progreso;María López;55;Medio;Alta
8591;2022-09-18;;3;Seguridad;Visión Futurista;72;196;En Progreso;María López;55;Medio;Alta
8766;2022-07-23;;1;Software;Avances Continuos;36;134;Abierto;María López;55;Medio;Alta
8877;2022-01-23;;4;Redes;Visión Futurista;72;196;Cerrado;María López;55;Medio;Media
8986;2022-04-01;;1;Redes;Visión Futurista;72;196;En Progreso;María López;55;Medio;Alta
9121;2022-03-20;;5;Redes;Avances Continuos;36;134;En Progreso;María López;55;Medio;Alta
139;2022-03-05;;4;Seguridad;Sostenibilidad y Progreso;48;141;Cerrado;María López;55;Medio;Alta
611;2022-10-29;;4;Hardware;Innovaciones Creativas;48;156;Cerrado;María López;55;Medio;Media
725;2022-01-01;;3;Hardware;Redes Seguras;48;179;Abierto;María López;55;Medio;Media
850;2022-01-30;;3;Redes;Redes Seguras;48;179;Abierto;María López;55;Medio;Media
1151;2022-06-06;;5;Hardware;Innovaciones Creativas;48;156;Cerrado;María López;55;Medio;Baja
1171;2022-10-21;;4;Hardware;Innovaciones Creativas;48;156;En Progreso;María López;55;Medio;Urgente
1474;2022-06-01;;4;Seguridad;Sostenibilidad y Progreso;48;141;Cerrado;María López;55;Medio;Urgente
1515;2022-01-08;;4;Redes;Sostenibilidad y Progreso;48;141;En Progreso;María López;55;Medio;Urgente
1821;2022-12-23;;5;Hardware;Redes Seguras;48;179;En Progreso;María López;55;Medio;Baja
1904;2022-09-04;;5;Seguridad;Redes Seguras;48;179;Abierto;María López;55;Medio;Urgente
1928;2022-01-24;;1;Hardware;Sostenibilidad y Progreso;48;141;En Progreso;María López;55;Medio;Media
2152;2022-05-16;;1;Software;Innovaciones Creativas;48;156;En Progreso;María López;55;Medio;Baja
2416;2022-08-05;;5;Seguridad;Innovaciones Creativas;48;156;Abierto;María López;55;Medio;Urgente
2653;2022-07-24;;3;Software;Sostenibilidad y Progreso;48;141;En Progreso;María López;55;Medio;Media
2747;2022-11-01;;2;Hardware;Redes Seguras;48;179;En Progreso;María López;55;Medio;Baja
2788;2022-06-18;;5;Seguridad;Redes Seguras;48;179;Abierto;María López;55;Medio;Media
3107;2022-06-14;;5;Hardware;Redes Seguras;48;179;Abierto;María López;55;Medio;Media
3338;2022-10-01;;5;Software;Sostenibilidad y Progreso;48;141;Cerrado;María López;55;Medio;Media
3458;2022-06-29;;2;Software;Sostenibilidad y Progreso;48;141;Abierto;María López;55;Medio;Baja
3650;2022-11-02;;3;Software;Sostenibilidad y Progreso;48;141;Abierto;María López;55;Medio;Media
3738;2022-06-24;;2;Seguridad;Innovaciones Creativas;48;156;Cerrado;María López;55;Medio;Urgente
3774;2022-08-09;;3;Seguridad;Sostenibilidad y Progreso;48;141;Abierto;María López;55;Medio;Baja
4025;2022-05-10;;2;Redes;Sostenibilidad y Progreso;48;141;En Progreso;María López;55;Medio;Baja
4270;2022-11-22;;1;Hardware;Innovaciones Creativas;48;156;Cerrado;María López;55;Medio;Media
4288;2022-11-18;;5;Seguridad;Innovaciones Creativas;48;156;En Progreso;María López;55;Medio;Media
4359;2022-05-17;;5;Software;Sostenibilidad y Progreso;48;141;Abierto;María López;55;Medio;Urgente
4409;2022-12-06;;3;Redes;Sostenibilidad y Progreso;48;141;En Progreso;María López;55;Medio;Alta
4616;2022-05-05;;3;Software;Sostenibilidad y Progreso;48;141;Cerrado;María López;55;Medio;Alta
4781;2022-09-16;;5;Seguridad;Sostenibilidad y Progreso;48;141;Abierto;María López;55;Medio;Urgente
4899;2022-07-28;;5;Hardware;Innovaciones Creativas;48;156;Abierto;María López;55;Medio;Urgente
4951;2022-07-14;;2;Seguridad;Redes Seguras;48;179;En Progreso;María López;55;Medio;Urgente
5359;2022-06-07;;4;Seguridad;Innovaciones Creativas;48;156;Abierto;María López;55;Medio;Media
5413;2022-06-15;;5;Hardware;Sostenibilidad y Progreso;48;141;Abierto;María López;55;Medio;Urgente
5448;2022-10-12;;1;Hardware;Innovaciones Creativas;48;156;En Progreso;María López;55;Medio;Baja
5565;2022-04-28;;4;Hardware;Sostenibilidad y Progreso;48;141;Abierto;María López;55;Medio;Urgente
5729;2022-12-09;;1;Hardware;Sostenibilidad y Progreso;48;141;Abierto;María López;55;Medio;Urgente
5973;2022-11-15;;2;Software;Sostenibilidad y Progreso;48;141;Abierto;María López;55;Medio;Baja
5978;2022-11-09;;1;Redes;Innovaciones Creativas;48;156;Abierto;María López;55;Medio;Baja
6258;2022-01-01;;3;Software;Redes Seguras;48;179;Abierto;María López;55;Medio;Baja
6261;2022-03-24;;1;Hardware;Sostenibilidad y Progreso;48;141;Abierto;María López;55;Medio;Baja
6276;2022-12-25;;4;Redes;Innovaciones Creativas;48;156;Cerrado;María López;55;Medio;Media
6628;2022-02-19;;2;Redes;Sostenibilidad y Progreso;48;141;Cerrado;María López;55;Medio;Baja
6640;2022-07-09;;1;Hardware;Sostenibilidad y Progreso;48;141;En Progreso;María López;55;Medio;Alta
6731;2022-05-15;;2;Redes;Innovaciones Creativas;48;156;Cerrado;María López;55;Medio;Urgente
7324;2022-09-23;;3;Software;Innovaciones Creativas;48;156;En Progreso;María López;55;Medio;Alta
7542;2022-05-30;;2;Hardware;Redes Seguras;48;179;Abierto;María López;55;Medio;Urgente
7552;2022-03-30;;1;Hardware;Innovaciones Creativas;48;156;En Progreso;María López;55;Medio;Alta
7631;2022-02-01;;3;Software;Sostenibilidad y Progreso;48;141;Cerrado;María López;55;Medio;Urgente
7713;2022-03-26;;1;Software;Innovaciones Creativas;48;156;En Progreso;María López;55;Medio;Baja
8350;2022-07-11;;3;Redes;Innovaciones Creativas;48;156;Abierto;María López;55;Medio;Baja
8445;2022-08-22;;3;Seguridad;Innovaciones Creativas;48;156;Abierto;María López;55;Medio;Baja
8562;2022-07-03;;5;Seguridad;Innovaciones Creativas;48;156;Cerrado;María López;55;Medio;Urgente
8564;2022-04-04;;2;Seguridad;Innovaciones Creativas;48;156;Cerrado;María López;55;Medio;Urgente
8645;2022-07-17;;4;Hardware;Redes Seguras;48;179;En Progreso;María López;55;Medio;Baja
8709;2022-11-13;;3;Redes;Redes Seguras;48;179;Cerrado;María López;55;Medio;Baja
9024;2022-10-31;;5;Redes;Sostenibilidad y Progreso;48;141;Abierto;María López;55;Medio;Urgente
9041;2022-04-24;;1;Hardware;Innovaciones Creativas;48;156;Cerrado;María López;55;Medio;Alta
9060;2022-05-23;;4;Redes;Innovaciones Creativas;48;156;Cerrado;María López;55;Medio;Alta
9230;2022-04-17;;1;Redes;Innovaciones Creativas;48;156;En Progreso;María López;55;Medio;Media
9407;2022-03-18;;4;Software;Innovaciones Creativas;48;156;Cerrado;María López;55;Medio;Urgente
9475;2022-12-15;;3;Redes;Sostenibilidad y Progreso;48;141;Cerrado;María López;55;Medio;Media
9515;2022-05-14;;2;Hardware;Redes Seguras;48;179;Cerrado;María López;55;Medio;Media
9536;2022-07-27;;1;Redes;Innovaciones Creativas;48;156;Abierto;María López;55;Medio;Baja
9629;2022-07-06;;5;Seguridad;Sostenibilidad y Progreso;48;141;En Progreso;María López;55;Medio;Alta
9944;2022-07-30;;1;Redes;Redes Seguras;48;179;Abierto;María López;55;Medio;Baja
9947;2022-07-28;;2;Redes;Redes Seguras;48;179;Abierto;María López;55;Medio;Media
236;2022-02-02;;1;Software;Sistemas Ecológicos;24;130;Abierto;María López;55;Medio;Media
367;2022-05-03;;3;Software;Sistemas Ecológicos;24;130;Abierto;María López;55;Medio;Baja
415;2022-09-19;;5;Software;Creatividad y Desarrollo;24;114;Abierto;María López;55;Medio;Baja
545;2022-01-30;;3;Redes;Sistemas Ecológicos;24;130;Cerrado;María López;55;Medio;Urgente
819;2022-03-08;;5;Software;Sistemas Ecológicos;24;130;Cerrado;María López;55;Medio;Baja
917;2022-10-27;;2;Hardware;Soluciones Tecnológicas;24;164;Cerrado;María López;55;Medio;Alta
1116;2022-04-23;;5;Seguridad;Soluciones Tecnológicas;24;164;Abierto;María López;55;Medio;Baja
1198;2022-02-01;;1;Hardware;Sistemas Ecológicos;24;130;En Progreso;María López;55;Medio;Media
1222;2022-12-22;;5;Software;Sistemas Ecológicos;24;130;Cerrado;María López;55;Medio;Urgente
1297;2022-08-01;;2;Redes;Creatividad y Desarrollo;24;114;Cerrado;María López;55;Medio;Urgente
1320;2022-03-15;;1;Seguridad;Soluciones Tecnológicas;24;164;Cerrado;María López;55;Medio;Alta
1439;2022-05-15;;5;Redes;Sistemas Ecológicos;24;130;En Progreso;María López;55;Medio;Alta
1561;2022-07-27;;4;Redes;Creatividad y Desarrollo;24;114;Cerrado;María López;55;Medio;Media
1581;2022-04-04;;5;Seguridad;Soluciones Tecnológicas;24;164;Abierto;María López;55;Medio;Urgente
1584;2022-01-22;;1;Redes;Sistemas Ecológicos;24;130;En Progreso;María López;55;Medio;Baja
1783;2022-03-03;;1;Hardware;Sistemas Ecológicos;24;130;Abierto;María López;55;Medio;Media
1798;2022-08-17;;5;Seguridad;Soluciones Tecnológicas;24;164;Abierto;María López;55;Medio;Baja
2156;2022-08-19;;4;Hardware;Sistemas Ecológicos;24;130;Abierto;María López;55;Medio;Media
2158;2022-10-23;;2;Redes;Soluciones Tecnológicas;24;164;Cerrado;María López;55;Medio;Alta
2464;2022-12-19;;5;Software;Sistemas Ecológicos;24;130;Abierto;María López;55;Medio;Urgente
2777;2022-11-09;;1;Software;Sistemas Ecológicos;24;130;En Progreso;María López;55;Medio;Alta
2807;2022-07-15;;5;Hardware;Soluciones Tecnológicas;24;164;Abierto;María López;55;Medio;Baja
2896;2022-04-20;;2;Software;Sistemas Ecológicos;24;130;Abierto;María López;55;Medio;Baja
3029;2022-02-13;;4;Hardware;Sistemas Ecológicos;24;130;En Progreso;María López;55;Medio;Baja
3112;2022-07-19;;1;Redes;Sistemas Ecológicos;24;130;En Progreso;María López;55;Medio;Alta
3256;2022-02-10;;4;Hardware;Creatividad y Desarrollo;24;114;Abierto;María López;55;Medio;Alta
3502;2022-04-15;;1;Redes;Creatividad y Desarrollo;24;114;En Progreso;María López;55;Medio;Alta
3567;2022-12-07;;3;Hardware;Soluciones Tecnológicas;24;164;En Progreso;María López;55;Medio;Urgente
3688;2022-04-26;;3;Redes;Sistemas Ecológicos;24;130;En Progreso;María López;55;Medio;Media
3751;2022-03-20;;1;Hardware;Soluciones Tecnológicas;24;164;Cerrado;María López;55;Medio;Alta
4043;2022-10-12;;5;Seguridad;Soluciones Tecnológicas;24;164;En Progreso;María López;55;Medio;Alta
4078;2022-07-12;;5;Redes;Sistemas Ecológicos;24;130;Cerrado;María López;55;Medio;Baja
4219;2022-06-07;;1;Hardware;Sistemas Ecológicos;24;130;Cerrado;María López;55;Medio;Baja
4527;2022-04-08;;5;Seguridad;Creatividad y Desarrollo;24;114;Abierto;María López;55;Medio;Alta
4961;2022-12-04;;1;Software;Sistemas Ecológicos;24;130;Abierto;María López;55;Medio;Urgente
4965;2022-08-01;;1;Redes;Sistemas Ecológicos;24;130;Cerrado;María López;55;Medio;Alta
5102;2022-05-26;;4;Redes;Soluciones Tecnológicas;24;164;Cerrado;María López;55;Medio;Media
5220;2022-08-10;;4;Software;Soluciones Tecnológicas;24;164;Cerrado;María López;55;Medio;Urgente
5228;2022-12-01;;3;Redes;Soluciones Tecnológicas;24;164;Cerrado;María López;55;Medio;Media
5394;2022-01-21;;3;Hardware;Soluciones Tecnológicas;24;164;Abierto;María López;55;Medio;Urgente
5469;2022-06-21;;2;Seguridad;Creatividad y Desarrollo;24;114;Abierto;María López;55;Medio;Baja
5993;2022-06-20;;4;Redes;Soluciones Tecnológicas;24;164;Abierto;María López;55;Medio;Urgente
6074;2022-08-06;;5;Redes;Soluciones Tecnológicas;24;164;En Progreso;María López;55;Medio;Urgente
6110;2022-12-25;;5;Redes;Soluciones Tecnológicas;24;164;Abierto;María López;55;Medio;Urgente
6155;2022-06-09;;3;Software;Creatividad y Desarrollo;24;114;Cerrado;María López;55;Medio;Media
6186;2022-06-08;;4;Hardware;Sistemas Ecológicos;24;130;Cerrado;María López;55;Medio;Urgente
6507;2022-06-12;;4;Software;Sistemas Ecológicos;24;130;Abierto;María López;55;Medio;Media
6627;2022-01-22;;3;Software;Creatividad y Desarrollo;24;114;Abierto;María López;55;Medio;Urgente
6674;2022-12-28;;4;Software;Soluciones Tecnológicas;24;164;Abierto;María López;55;Medio;Baja
6727;2022-07-07;;5;Seguridad;Sistemas Ecológicos;24;130;En Progreso;María López;55;Medio;Baja
6792;2022-03-30;;4;Software;Soluciones Tecnológicas;24;164;Abierto;María López;55;Medio;Urgente
6953;2022-08-11;;3;Software;Creatividad y Desarrollo;24;114;Cerrado;María López;55;Medio;Media
6983;2022-09-23;;4;Software;Sistemas Ecológicos;24;130;Abierto;María López;55;Medio;Media
7358;2022-09-16;;5;Hardware;Sistemas Ecológicos;24;130;En Progreso;María López;55;Medio;Alta
7802;2022-02-08;;3;Redes;Creatividad y Desarrollo;24;114;Abierto;María López;55;Medio;Alta
7956;2022-08-27;;1;Redes;Creatividad y Desarrollo;24;114;Abierto;María López;55;Medio;Urgente
7994;2022-05-12;;4;Seguridad;Creatividad y Desarrollo;24;114;En Progreso;María López;55;Medio;Urgente
8104;2022-09-08;;1;Redes;Soluciones Tecnológicas;24;164;Cerrado;María López;55;Medio;Media
8222;2022-07-09;;5;Software;Soluciones Tecnológicas;24;164;Cerrado;María López;55;Medio;Baja
8416;2022-12-11;;2;Redes;Soluciones Tecnológicas;24;164;En Progreso;María López;55;Medio;Alta
8487;2022-05-07;;3;Redes;Sistemas Ecológicos;24;130;Cerrado;María López;55;Medio;Urgente
8774;2022-11-04;;5;Redes;Soluciones Tecnológicas;24;164;En Progreso;María López;55;Medio;Baja
8816;2022-09-03;;2;Software;Creatividad y Desarrollo;24;114;Cerrado;María López;55;Medio;Urgente
8841;2022-09-26;;2;Software;Soluciones Tecnológicas;24;164;Cerrado;María López;55;Medio;Media
8895;2022-07-07;;3;Hardware;Creatividad y Desarrollo;24;114;En Progreso;María López;55;Medio;Baja
8919;2022-10-07;;4;Redes;Soluciones Tecnológicas;24;164;Cerrado;María López;55;Medio;Baja
8932;2022-02-01;;4;Software;Soluciones Tecnológicas;24;164;Abierto;María López;55;Medio;Urgente
9019;2022-11-01;;3;Software;Creatividad y Desarrollo;24;114;Cerrado;María López;55;Medio;Alta
9057;2022-10-15;;2;Seguridad;Sistemas Ecológicos;24;130;Cerrado;María López;55;Medio;Urgente
9094;2022-10-11;;1;Redes;Creatividad y Desarrollo;24;114;Cerrado;María López;55;Medio;Alta
9197;2022-12-13;;1;Redes;Soluciones Tecnológicas;24;164;En Progreso;María López;55;Medio;Baja
9429;2022-03-15;;3;Software;Soluciones Tecnológicas;24;164;En Progreso;María López;55;Medio;Urgente
9556;2022-04-28;;1;Software;Soluciones Tecnológicas;24;164;Cerrado;María López;55;Medio;Urgente
9663;2022-01-11;;1;Hardware;Soluciones Tecnológicas;24;164;Abierto;María López;55;Medio;Baja
144;2022-05-13;;4;Redes;Inteligencia de Datos;72;195;En Progreso;María López;55;Medio;Urgente
156;2022-11-25;;5;Hardware;Servicios Globales;36;195;En Progreso;María López;55;Medio;Baja
179;2022-08-30;;1;Hardware;Servicios Globales;36;195;Abierto;María López;55;Medio;Alta
288;2022-07-02;;4;Seguridad;Inteligencia de Datos;72;195;Abierto;María López;55;Medio;Urgente
295;2022-03-11;;2;Seguridad;Servicios Globales;36;195;En Progreso;María López;55;Medio;Urgente
323;2022-05-28;;2;Software;Inteligencia de Datos;72;195;Abierto;María López;55;Medio;Baja
425;2022-06-02;;5;Software;Servicios Globales;36;195;Cerrado;María López;55;Medio;Alta
589;2022-11-14;;1;Hardware;Inteligencia de Datos;72;195;En Progreso;María López;55;Medio;Urgente
653;2022-12-17;;1;Seguridad;Servicios Globales;36;195;Abierto;María López;55;Medio;Urgente
935;2022-03-22;;1;Redes;Servicios Globales;36;195;En Progreso;María López;55;Medio;Media
959;2022-05-26;;5;Seguridad;Servicios Globales;36;195;En Progreso;María López;55;Medio;Baja
1074;2022-10-03;;2;Seguridad;Inteligencia de Datos;72;195;Cerrado;María López;55;Medio;Urgente
1243;2022-02-07;;3;Software;Servicios Globales;36;195;Cerrado;María López;55;Medio;Urgente
1483;2022-09-21;;1;Hardware;Inteligencia de Datos;72;195;Cerrado;María López;55;Medio;Urgente
1687;2022-12-05;;4;Seguridad;Servicios Globales;36;195;En Progreso;María López;55;Medio;Urgente
1725;2022-06-04;;5;Software;Inteligencia de Datos;72;195;Cerrado;María López;55;Medio;Baja
1744;2022-06-25;;4;Seguridad;Servicios Globales;36;195;Cerrado;María López;55;Medio;Baja
1927;2022-07-12;;1;Software;Inteligencia de Datos;72;195;Cerrado;María López;55;Medio;Urgente
2132;2022-04-30;;3;Seguridad;Servicios Globales;36;195;Cerrado;María López;55;Medio;Alta
2376;2022-10-09;;5;Seguridad;Servicios Globales;36;195;Abierto;María López;55;Medio;Urgente
2439;2022-06-17;;3;Software;Inteligencia de Datos;72;195;Abierto;María López;55;Medio;Baja
2866;2022-07-19;;4;Redes;Servicios Globales;36;195;Cerrado;María López;55;Medio;Baja
2956;2022-04-21;;2;Software;Servicios Globales;36;195;En Progreso;María López;55;Medio;Urgente
3144;2022-04-24;;4;Redes;Servicios Globales;36;195;Cerrado;María López;55;Medio;Baja
3466;2022-11-24;;2;Seguridad;Servicios Globales;36;195;Abierto;María López;55;Medio;Alta
3613;2022-06-29;;3;Software;Inteligencia de Datos;72;195;Cerrado;María López;55;Medio;Media
3634;2022-06-28;;1;Hardware;Inteligencia de Datos;72;195;Abierto;María López;55;Medio;Media
3744;2022-07-17;;1;Software;Servicios Globales;36;195;En Progreso;María López;55;Medio;Alta
3789;2022-04-01;;2;Hardware;Servicios Globales;36;195;Cerrado;María López;55;Medio;Urgente
4331;2022-03-12;;3;Software;Inteligencia de Datos;72;195;En Progreso;María López;55;Medio;Alta
4350;2022-03-31;;5;Seguridad;Inteligencia de Datos;72;195;En Progreso;María López;55;Medio;Media
4366;2022-12-27;;4;Hardware;Servicios Globales;36;195;Abierto;María López;55;Medio;Urgente
4483;2022-08-31;;2;Seguridad;Servicios Globales;36;195;Abierto;María López;55;Medio;Urgente
4493;2022-05-09;;2;Redes;Servicios Globales;36;195;En Progreso;María López;55;Medio;Alta
4678;2022-04-04;;4;Seguridad;Inteligencia de Datos;72;195;En Progreso;María López;55;Medio;Urgente
4767;2022-03-01;;3;Hardware;Inteligencia de Datos;72;195;En Progreso;María López;55;Medio;Urgente
4885;2022-06-19;;4;Seguridad;Servicios Globales;36;195;Abierto;María López;55;Medio;Alta
4903;2022-05-06;;1;Redes;Inteligencia de Datos;72;195;Cerrado;María López;55;Medio;Urgente
4983;2022-06-03;;4;Redes;Inteligencia de Datos;72;195;Abierto;María López;55;Medio;Alta
5057;2022-09-17;;2;Redes;Servicios Globales;36;195;En Progreso;María López;55;Medio;Alta
5177;2022-06-05;;5;Seguridad;Inteligencia de Datos;72;195;Cerrado;María López;55;Medio;Media
5358;2022-09-10;;5;Redes;Servicios Globales;36;195;Abierto;María López;55;Medio;Baja
5457;2022-10-25;;5;Hardware;Inteligencia de Datos;72;195;Cerrado;María López;55;Medio;Baja
5462;2022-01-23;;1;Software;Inteligencia de Datos;72;195;Cerrado;María López;55;Medio;Urgente
5498;2022-05-29;;4;Redes;Servicios Globales;36;195;En Progreso;María López;55;Medio;Urgente
5806;2022-02-16;;1;Seguridad;Servicios Globales;36;195;En Progreso;María López;55;Medio;Baja
6027;2022-01-16;;2;Hardware;Inteligencia de Datos;72;195;Cerrado;María López;55;Medio;Media
6070;2022-01-11;;3;Hardware;Inteligencia de Datos;72;195;Abierto;María López;55;Medio;Urgente
6374;2022-07-25;;4;Hardware;Inteligencia de Datos;72;195;Cerrado;María López;55;Medio;Urgente
6461;2022-09-16;;1;Software;Servicios Globales;36;195;Cerrado;María López;55;Medio;Alta
6791;2022-06-15;;1;Hardware;Servicios Globales;36;195;En Progreso;María López;55;Medio;Media
6957;2022-07-13;;2;Redes;Servicios Globales;36;195;En Progreso;María López;55;Medio;Alta
7033;2022-03-21;;5;Hardware;Inteligencia de Datos;72;195;En Progreso;María López;55;Medio;Urgente
7131;2022-02-16;;2;Redes;Servicios Globales;36;195;Abierto;María López;55;Medio;Urgente
7194;2022-06-23;;2;Seguridad;Servicios Globales;36;195;Cerrado;María López;55;Medio;Alta
7258;2022-06-24;;5;Seguridad;Inteligencia de Datos;72;195;En Progreso;María López;55;Medio;Baja
7425;2022-12-22;;4;Seguridad;Servicios Globales;36;195;Abierto;María López;55;Medio;Baja
7438;2022-12-28;;1;Software;Inteligencia de Datos;72;195;Cerrado;María López;55;Medio;Alta
7907;2022-01-07;;4;Redes;Inteligencia de Datos;72;195;En Progreso;María López;55;Medio;Baja
7946;2022-06-15;;2;Redes;Inteligencia de Datos;72;195;Cerrado;María López;55;Medio;Media
8129;2022-08-24;;3;Software;Servicios Globales;36;195;Abierto;María López;55;Medio;Baja
8143;2022-11-17;;5;Redes;Servicios Globales;36;195;Cerrado;María López;55;Medio;Baja
8283;2022-01-12;;2;Seguridad;Inteligencia de Datos;72;195;Abierto;María López;55;Medio;Urgente
8305;2022-09-23;;5;Redes;Servicios Globales;36;195;Cerrado;María López;55;Medio;Media
8318;2022-03-20;;4;Seguridad;Inteligencia de Datos;72;195;Cerrado;María López;55;Medio;Alta
8395;2022-09-14;;1;Seguridad;Servicios Globales;36;195;Cerrado;María López;55;Medio;Alta
8604;2022-10-06;;1;Hardware;Inteligencia de Datos;72;195;En Progreso;María López;55;Medio;Media
8685;2022-09-19;;5;Redes;Servicios Globales;36;195;Cerrado;María López;55;Medio;Urgente
8699;2022-02-05;;4;Seguridad;Inteligencia de Datos;72;195;Cerrado;María López;55;Medio;Media
8751;2022-06-01;;5;Software;Inteligencia de Datos;72;195;Abierto;María López;55;Medio;Urgente
9263;2022-04-02;;5;Seguridad;Servicios Globales;36;195;Cerrado;María López;55;Medio;Baja
9295;2022-09-15;;5;Hardware;Servicios Globales;36;195;Abierto;María López;55;Medio;Baja
9310;2022-07-28;;2;Seguridad;Inteligencia de Datos;72;195;Cerrado;María López;55;Medio;Media
9314;2022-08-19;;1;Software;Inteligencia de Datos;72;195;Abierto;María López;55;Medio;Urgente
9519;2022-08-13;;1;Redes;Servicios Globales;36;195;En Progreso;María López;55;Medio;Urgente
9862;2022-05-19;;4;Software;Inteligencia de Datos;72;195;Abierto;María López;55;Medio;Alta
93;2022-03-02;;3;Redes;Visión Futurista;72;196;Abierto;Jorge Martín;65;Junior;Alta
609;2022-01-20;;4;Redes;Avances Continuos;36;134;En Progreso;Jorge Martín;65;Junior;Urgente
743;2022-10-12;;5;Hardware;Avances Continuos;36;134;Abierto;Jorge Martín;65;Junior;Baja
891;2022-04-10;;3;Software;Visión Futurista;72;196;Cerrado;Jorge Martín;65;Junior;Urgente
972;2022-01-28;;2;Seguridad;Avances Continuos;36;134;Abierto;Jorge Martín;65;Junior;Media
1326;2022-07-28;;2;Hardware;Avances Continuos;36;134;En Progreso;Jorge Martín;65;Junior;Baja
1368;2022-09-24;;4;Hardware;Avances Continuos;36;134;Cerrado;Jorge Martín;65;Junior;Urgente
1381;2022-06-24;;3;Redes;Visión Futurista;72;196;En Progreso;Jorge Martín;65;Junior;Alta
1388;2022-10-16;;4;Seguridad;Visión Futurista;72;196;En Progreso;Jorge Martín;65;Junior;Baja
1390;2022-03-29;;2;Software;Visión Futurista;72;196;Cerrado;Jorge Martín;65;Junior;Urgente
1903;2022-08-28;;4;Software;Avances Continuos;36;134;En Progreso;Jorge Martín;65;Junior;Media
2049;2022-10-05;;1;Seguridad;Visión Futurista;72;196;En Progreso;Jorge Martín;65;Junior;Media
2143;2022-07-05;;3;Redes;Avances Continuos;36;134;En Progreso;Jorge Martín;65;Junior;Media
2265;2022-09-19;;4;Hardware;Avances Continuos;36;134;En Progreso;Jorge Martín;65;Junior;Baja
2448;2022-08-21;;2;Software;Visión Futurista;72;196;Cerrado;Jorge Martín;65;Junior;Alta
2452;2022-11-01;;2;Hardware;Visión Futurista;72;196;En Progreso;Jorge Martín;65;Junior;Media
2571;2022-03-12;;4;Hardware;Avances Continuos;36;134;En Progreso;Jorge Martín;65;Junior;Baja
2577;2022-08-13;;3;Software;Visión Futurista;72;196;Cerrado;Jorge Martín;65;Junior;Alta
2617;2022-09-18;;5;Seguridad;Avances Continuos;36;134;Abierto;Jorge Martín;65;Junior;Media
3070;2022-10-18;;2;Redes;Avances Continuos;36;134;Cerrado;Jorge Martín;65;Junior;Alta
3434;2022-05-30;;1;Seguridad;Visión Futurista;72;196;Abierto;Jorge Martín;65;Junior;Media
3490;2022-06-17;;1;Redes;Visión Futurista;72;196;En Progreso;Jorge Martín;65;Junior;Media
3701;2022-05-22;;4;Redes;Avances Continuos;36;134;Abierto;Jorge Martín;65;Junior;Alta
4032;2022-12-17;;2;Seguridad;Avances Continuos;36;134;En Progreso;Jorge Martín;65;Junior;Baja
4416;2022-03-12;;5;Software;Visión Futurista;72;196;Abierto;Jorge Martín;65;Junior;Baja
5064;2022-02-28;;3;Redes;Visión Futurista;72;196;En Progreso;Jorge Martín;65;Junior;Baja
5074;2022-04-10;;4;Redes;Visión Futurista;72;196;Abierto;Jorge Martín;65;Junior;Baja
5148;2022-02-04;;3;Seguridad;Visión Futurista;72;196;Cerrado;Jorge Martín;65;Junior;Alta
5251;2022-05-05;;3;Redes;Visión Futurista;72;196;Cerrado;Jorge Martín;65;Junior;Baja
5260;2022-10-26;;1;Redes;Visión Futurista;72;196;Cerrado;Jorge Martín;65;Junior;Baja
5306;2022-03-12;;2;Software;Visión Futurista;72;196;Abierto;Jorge Martín;65;Junior;Baja
5994;2022-07-30;;1;Seguridad;Visión Futurista;72;196;Abierto;Jorge Martín;65;Junior;Alta
5995;2022-01-11;;4;Software;Visión Futurista;72;196;Abierto;Jorge Martín;65;Junior;Baja
6037;2022-03-08;;5;Redes;Visión Futurista;72;196;Abierto;Jorge Martín;65;Junior;Urgente
6386;2022-02-09;;4;Redes;Visión Futurista;72;196;Abierto;Jorge Martín;65;Junior;Urgente
6422;2022-10-30;;2;Hardware;Visión Futurista;72;196;Cerrado;Jorge Martín;65;Junior;Alta
6493;2022-11-02;;5;Software;Avances Continuos;36;134;En Progreso;Jorge Martín;65;Junior;Baja
6520;2022-08-02;;3;Hardware;Visión Futurista;72;196;En Progreso;Jorge Martín;65;Junior;Media
6549;2022-06-17;;4;Redes;Visión Futurista;72;196;En Progreso;Jorge Martín;65;Junior;Baja
6634;2022-06-07;;2;Redes;Avances Continuos;36;134;Abierto;Jorge Martín;65;Junior;Baja
6834;2022-05-22;;5;Redes;Visión Futurista;72;196;Cerrado;Jorge Martín;65;Junior;Media
6862;2022-12-28;;2;Seguridad;Avances Continuos;36;134;Abierto;Jorge Martín;65;Junior;Urgente
7056;2022-01-17;;4;Hardware;Visión Futurista;72;196;Abierto;Jorge Martín;65;Junior;Alta
7412;2022-05-12;;3;Seguridad;Avances Continuos;36;134;En Progreso;Jorge Martín;65;Junior;Alta
7572;2022-09-09;;3;Redes;Visión Futurista;72;196;En Progreso;Jorge Martín;65;Junior;Media
7999;2022-01-16;;1;Seguridad;Avances Continuos;36;134;Abierto;Jorge Martín;65;Junior;Urgente
8243;2022-05-23;;1;Redes;Visión Futurista;72;196;Abierto;Jorge Martín;65;Junior;Baja
8424;2022-03-13;;5;Hardware;Avances Continuos;36;134;En Progreso;Jorge Martín;65;Junior;Alta
8686;2022-02-07;;3;Software;Visión Futurista;72;196;En Progreso;Jorge Martín;65;Junior;Urgente
8941;2022-01-07;;4;Software;Avances Continuos;36;134;En Progreso;Jorge Martín;65;Junior;Alta
120;2022-02-18;;3;Redes;Soluciones Tecnológicas;24;164;Cerrado;Jorge Martín;65;Junior;Baja
145;2022-01-12;;2;Redes;Sistemas Ecológicos;24;130;Abierto;Jorge Martín;65;Junior;Alta
225;2022-09-08;;1;Software;Soluciones Tecnológicas;24;164;Cerrado;Jorge Martín;65;Junior;Urgente
242;2022-05-13;;4;Hardware;Soluciones Tecnológicas;24;164;Cerrado;Jorge Martín;65;Junior;Urgente
270;2022-03-26;;5;Software;Creatividad y Desarrollo;24;114;Cerrado;Jorge Martín;65;Junior;Baja
551;2022-01-08;;2;Software;Sistemas Ecológicos;24;130;Cerrado;Jorge Martín;65;Junior;Alta
638;2022-12-29;;3;Software;Soluciones Tecnológicas;24;164;Abierto;Jorge Martín;65;Junior;Media
799;2022-09-16;;1;Software;Creatividad y Desarrollo;24;114;Abierto;Jorge Martín;65;Junior;Urgente
835;2022-03-07;;4;Seguridad;Sistemas Ecológicos;24;130;Cerrado;Jorge Martín;65;Junior;Baja
1052;2022-04-30;;1;Hardware;Creatividad y Desarrollo;24;114;Cerrado;Jorge Martín;65;Junior;Alta
1088;2022-07-11;;3;Software;Soluciones Tecnológicas;24;164;En Progreso;Jorge Martín;65;Junior;Media
1214;2022-08-24;;4;Seguridad;Sistemas Ecológicos;24;130;Abierto;Jorge Martín;65;Junior;Alta
1215;2022-04-28;;5;Redes;Creatividad y Desarrollo;24;114;En Progreso;Jorge Martín;65;Junior;Urgente
1275;2022-01-30;;2;Hardware;Creatividad y Desarrollo;24;114;Abierto;Jorge Martín;65;Junior;Urgente
1379;2022-03-31;;2;Hardware;Soluciones Tecnológicas;24;164;Cerrado;Jorge Martín;65;Junior;Baja
1531;2022-01-17;;4;Seguridad;Creatividad y Desarrollo;24;114;Cerrado;Jorge Martín;65;Junior;Urgente
1626;2022-09-01;;3;Redes;Soluciones Tecnológicas;24;164;Cerrado;Jorge Martín;65;Junior;Urgente
2040;2022-03-07;;2;Redes;Creatividad y Desarrollo;24;114;Abierto;Jorge Martín;65;Junior;Baja
2180;2022-06-09;;5;Seguridad;Soluciones Tecnológicas;24;164;En Progreso;Jorge Martín;65;Junior;Baja
2583;2022-07-28;;1;Seguridad;Creatividad y Desarrollo;24;114;Abierto;Jorge Martín;65;Junior;Media
2701;2022-12-03;;3;Seguridad;Creatividad y Desarrollo;24;114;En Progreso;Jorge Martín;65;Junior;Urgente
2728;2022-05-23;;2;Seguridad;Creatividad y Desarrollo;24;114;Abierto;Jorge Martín;65;Junior;Baja
2769;2022-05-20;;1;Hardware;Sistemas Ecológicos;24;130;En Progreso;Jorge Martín;65;Junior;Urgente
2805;2022-09-24;;4;Hardware;Creatividad y Desarrollo;24;114;Abierto;Jorge Martín;65;Junior;Baja
2879;2022-07-14;;1;Seguridad;Sistemas Ecológicos;24;130;En Progreso;Jorge Martín;65;Junior;Urgente
3041;2022-10-20;;1;Seguridad;Soluciones Tecnológicas;24;164;Cerrado;Jorge Martín;65;Junior;Urgente
3214;2022-12-21;;4;Hardware;Creatividad y Desarrollo;24;114;Abierto;Jorge Martín;65;Junior;Baja
3361;2022-06-28;;5;Hardware;Sistemas Ecológicos;24;130;Cerrado;Jorge Martín;65;Junior;Media
3367;2022-02-09;;5;Seguridad;Sistemas Ecológicos;24;130;En Progreso;Jorge Martín;65;Junior;Baja
3427;2022-07-02;;2;Seguridad;Soluciones Tecnológicas;24;164;Abierto;Jorge Martín;65;Junior;Urgente
3472;2022-03-07;;4;Redes;Sistemas Ecológicos;24;130;Cerrado;Jorge Martín;65;Junior;Urgente
3510;2022-09-22;;3;Hardware;Creatividad y Desarrollo;24;114;Cerrado;Jorge Martín;65;Junior;Urgente
3546;2022-05-13;;2;Redes;Creatividad y Desarrollo;24;114;En Progreso;Jorge Martín;65;Junior;Baja
3581;2022-07-31;;2;Software;Soluciones Tecnológicas;24;164;En Progreso;Jorge Martín;65;Junior;Alta
3660;2022-11-16;;5;Redes;Creatividad y Desarrollo;24;114;Cerrado;Jorge Martín;65;Junior;Urgente
3695;2022-02-14;;2;Redes;Soluciones Tecnológicas;24;164;Cerrado;Jorge Martín;65;Junior;Urgente
3900;2022-12-08;;5;Seguridad;Soluciones Tecnológicas;24;164;Abierto;Jorge Martín;65;Junior;Media
3917;2022-01-05;;1;Redes;Sistemas Ecológicos;24;130;En Progreso;Jorge Martín;65;Junior;Urgente
4100;2022-05-26;;3;Software;Sistemas Ecológicos;24;130;Cerrado;Jorge Martín;65;Junior;Media
4227;2022-09-26;;3;Redes;Sistemas Ecológicos;24;130;En Progreso;Jorge Martín;65;Junior;Media
4240;2022-06-01;;5;Software;Creatividad y Desarrollo;24;114;Cerrado;Jorge Martín;65;Junior;Alta
4731;2022-06-13;;3;Software;Creatividad y Desarrollo;24;114;Cerrado;Jorge Martín;65;Junior;Alta
4853;2022-07-08;;2;Redes;Soluciones Tecnológicas;24;164;Abierto;Jorge Martín;65;Junior;Alta
5092;2022-01-30;;3;Redes;Soluciones Tecnológicas;24;164;Cerrado;Jorge Martín;65;Junior;Urgente
5095;2022-11-07;;5;Software;Soluciones Tecnológicas;24;164;Abierto;Jorge Martín;65;Junior;Baja
5304;2022-01-18;;5;Hardware;Creatividad y Desarrollo;24;114;Cerrado;Jorge Martín;65;Junior;Urgente
5399;2022-04-23;;2;Redes;Sistemas Ecológicos;24;130;Abierto;Jorge Martín;65;Junior;Urgente
5458;2022-09-12;;5;Redes;Sistemas Ecológicos;24;130;Abierto;Jorge Martín;65;Junior;Urgente
5604;2022-11-14;;1;Redes;Creatividad y Desarrollo;24;114;En Progreso;Jorge Martín;65;Junior;Baja
5689;2022-11-10;;5;Software;Soluciones Tecnológicas;24;164;En Progreso;Jorge Martín;65;Junior;Alta
5700;2022-07-06;;3;Seguridad;Creatividad y Desarrollo;24;114;En Progreso;Jorge Martín;65;Junior;Alta
5719;2022-10-07;;1;Redes;Creatividad y Desarrollo;24;114;Abierto;Jorge Martín;65;Junior;Baja
5767;2022-06-05;;1;Software;Creatividad y Desarrollo;24;114;En Progreso;Jorge Martín;65;Junior;Alta
5821;2022-01-23;;4;Redes;Soluciones Tecnológicas;24;164;Cerrado;Jorge Martín;65;Junior;Alta
5835;2022-02-26;;1;Redes;Sistemas Ecológicos;24;130;Cerrado;Jorge Martín;65;Junior;Alta
5918;2022-07-24;;3;Seguridad;Creatividad y Desarrollo;24;114;En Progreso;Jorge Martín;65;Junior;Media
5981;2022-01-21;;4;Seguridad;Creatividad y Desarrollo;24;114;Abierto;Jorge Martín;65;Junior;Alta
6421;2022-09-28;;3;Software;Sistemas Ecológicos;24;130;Abierto;Jorge Martín;65;Junior;Baja
6459;2022-02-06;;3;Redes;Soluciones Tecnológicas;24;164;Cerrado;Jorge Martín;65;Junior;Media
6532;2022-10-27;;5;Redes;Sistemas Ecológicos;24;130;En Progreso;Jorge Martín;65;Junior;Media
6693;2022-06-13;;2;Redes;Creatividad y Desarrollo;24;114;En Progreso;Jorge Martín;65;Junior;Baja
6805;2022-09-14;;5;Redes;Sistemas Ecológicos;24;130;Cerrado;Jorge Martín;65;Junior;Urgente
7001;2022-04-10;;2;Redes;Creatividad y Desarrollo;24;114;En Progreso;Jorge Martín;65;Junior;Alta
7030;2022-12-30;;2;Software;Sistemas Ecológicos;24;130;Cerrado;Jorge Martín;65;Junior;Alta
7190;2022-11-09;;2;Hardware;Soluciones Tecnológicas;24;164;Abierto;Jorge Martín;65;Junior;Media
7301;2022-08-28;;2;Software;Creatividad y Desarrollo;24;114;En Progreso;Jorge Martín;65;Junior;Media
7477;2022-06-29;;5;Redes;Soluciones Tecnológicas;24;164;Abierto;Jorge Martín;65;Junior;Alta
7486;2022-05-03;;1;Hardware;Sistemas Ecológicos;24;130;Cerrado;Jorge Martín;65;Junior;Baja
7580;2022-12-16;;2;Redes;Creatividad y Desarrollo;24;114;En Progreso;Jorge Martín;65;Junior;Alta
7686;2022-07-20;;3;Redes;Sistemas Ecológicos;24;130;En Progreso;Jorge Martín;65;Junior;Media
7921;2022-10-23;;1;Hardware;Creatividad y Desarrollo;24;114;En Progreso;Jorge Martín;65;Junior;Alta
8052;2022-09-14;;4;Hardware;Creatividad y Desarrollo;24;114;Abierto;Jorge Martín;65;Junior;Baja
8063;2022-12-17;;1;Seguridad;Creatividad y Desarrollo;24;114;Cerrado;Jorge Martín;65;Junior;Baja
8064;2022-04-13;;5;Redes;Sistemas Ecológicos;24;130;Cerrado;Jorge Martín;65;Junior;Media
8307;2022-12-30;;2;Hardware;Soluciones Tecnológicas;24;164;Abierto;Jorge Martín;65;Junior;Urgente
8707;2022-02-06;;1;Redes;Creatividad y Desarrollo;24;114;Cerrado;Jorge Martín;65;Junior;Urgente
9250;2022-02-22;;2;Hardware;Sistemas Ecológicos;24;130;Cerrado;Jorge Martín;65;Junior;Alta
9308;2022-03-15;;3;Redes;Creatividad y Desarrollo;24;114;Abierto;Jorge Martín;65;Junior;Urgente
9438;2022-05-07;;3;Hardware;Sistemas Ecológicos;24;130;En Progreso;Jorge Martín;65;Junior;Baja
9564;2022-03-12;;5;Software;Soluciones Tecnológicas;24;164;Cerrado;Jorge Martín;65;Junior;Alta
9623;2022-04-12;;1;Hardware;Sistemas Ecológicos;24;130;Cerrado;Jorge Martín;65;Junior;Baja
9696;2022-06-27;;4;Redes;Soluciones Tecnológicas;24;164;Abierto;Jorge Martín;65;Junior;Media
9851;2022-07-05;;1;Seguridad;Sistemas Ecológicos;24;130;En Progreso;Jorge Martín;65;Junior;Alta
9953;2022-12-25;;5;Seguridad;Soluciones Tecnológicas;24;164;En Progreso;Jorge Martín;65;Junior;Urgente
6;2022-12-31;;4;Software;Innovaciones Creativas;48;156;Cerrado;Jorge Martín;65;Junior;Baja
66;2022-02-14;;4;Redes;Redes Seguras;48;179;Cerrado;Jorge Martín;65;Junior;Urgente
298;2022-03-26;;3;Hardware;Redes Seguras;48;179;Abierto;Jorge Martín;65;Junior;Alta
595;2022-11-28;;1;Software;Innovaciones Creativas;48;156;Cerrado;Jorge Martín;65;Junior;Baja
599;2022-07-23;;2;Software;Innovaciones Creativas;48;156;Abierto;Jorge Martín;65;Junior;Media
855;2022-06-18;;5;Seguridad;Sostenibilidad y Progreso;48;141;Abierto;Jorge Martín;65;Junior;Alta
873;2022-04-17;;5;Redes;Sostenibilidad y Progreso;48;141;En Progreso;Jorge Martín;65;Junior;Baja
882;2022-03-04;;4;Seguridad;Redes Seguras;48;179;Cerrado;Jorge Martín;65;Junior;Alta
1078;2022-11-28;;4;Seguridad;Sostenibilidad y Progreso;48;141;Abierto;Jorge Martín;65;Junior;Media
1177;2022-08-26;;1;Hardware;Sostenibilidad y Progreso;48;141;En Progreso;Jorge Martín;65;Junior;Urgente
1280;2022-10-03;;5;Redes;Redes Seguras;48;179;Abierto;Jorge Martín;65;Junior;Alta
1300;2022-02-13;;4;Redes;Innovaciones Creativas;48;156;Abierto;Jorge Martín;65;Junior;Urgente
1555;2022-03-27;;4;Software;Innovaciones Creativas;48;156;En Progreso;Jorge Martín;65;Junior;Urgente
1592;2022-11-09;;4;Hardware;Redes Seguras;48;179;Cerrado;Jorge Martín;65;Junior;Alta
1814;2022-10-10;;5;Hardware;Innovaciones Creativas;48;156;Cerrado;Jorge Martín;65;Junior;Baja
1976;2022-07-28;;2;Redes;Sostenibilidad y Progreso;48;141;Cerrado;Jorge Martín;65;Junior;Alta
2102;2022-03-24;;4;Software;Sostenibilidad y Progreso;48;141;En Progreso;Jorge Martín;65;Junior;Baja
2456;2022-04-25;;1;Hardware;Sostenibilidad y Progreso;48;141;Cerrado;Jorge Martín;65;Junior;Alta
2651;2022-02-21;;2;Redes;Sostenibilidad y Progreso;48;141;Abierto;Jorge Martín;65;Junior;Baja
2741;2022-07-20;;3;Software;Sostenibilidad y Progreso;48;141;Abierto;Jorge Martín;65;Junior;Urgente
2848;2022-01-26;;4;Redes;Sostenibilidad y Progreso;48;141;Cerrado;Jorge Martín;65;Junior;Baja
3032;2022-05-26;;5;Hardware;Innovaciones Creativas;48;156;Cerrado;Jorge Martín;65;Junior;Media
3111;2022-05-11;;4;Software;Sostenibilidad y Progreso;48;141;Abierto;Jorge Martín;65;Junior;Urgente
3234;2022-10-28;;2;Hardware;Sostenibilidad y Progreso;48;141;En Progreso;Jorge Martín;65;Junior;Baja
3260;2022-05-03;;1;Hardware;Sostenibilidad y Progreso;48;141;Cerrado;Jorge Martín;65;Junior;Baja
3747;2022-03-03;;4;Seguridad;Sostenibilidad y Progreso;48;141;En Progreso;Jorge Martín;65;Junior;Urgente
3752;2022-07-01;;3;Seguridad;Sostenibilidad y Progreso;48;141;Abierto;Jorge Martín;65;Junior;Alta
4080;2022-04-15;;5;Seguridad;Sostenibilidad y Progreso;48;141;En Progreso;Jorge Martín;65;Junior;Urgente
4239;2022-11-11;;3;Redes;Sostenibilidad y Progreso;48;141;Cerrado;Jorge Martín;65;Junior;Media
4332;2022-07-06;;1;Seguridad;Sostenibilidad y Progreso;48;141;Abierto;Jorge Martín;65;Junior;Alta
4420;2022-08-03;;1;Seguridad;Sostenibilidad y Progreso;48;141;Abierto;Jorge Martín;65;Junior;Baja
4529;2022-10-26;;3;Seguridad;Sostenibilidad y Progreso;48;141;Abierto;Jorge Martín;65;Junior;Urgente
4544;2022-04-04;;3;Software;Redes Seguras;48;179;Abierto;Jorge Martín;65;Junior;Alta
4562;2022-11-07;;2;Hardware;Redes Seguras;48;179;Abierto;Jorge Martín;65;Junior;Baja
4636;2022-03-04;;2;Hardware;Innovaciones Creativas;48;156;Abierto;Jorge Martín;65;Junior;Baja
4737;2022-09-17;;4;Seguridad;Innovaciones Creativas;48;156;Abierto;Jorge Martín;65;Junior;Urgente
4770;2022-01-05;;5;Hardware;Redes Seguras;48;179;En Progreso;Jorge Martín;65;Junior;Baja
4786;2022-05-17;;5;Hardware;Redes Seguras;48;179;En Progreso;Jorge Martín;65;Junior;Alta
4950;2022-09-12;;4;Software;Redes Seguras;48;179;Abierto;Jorge Martín;65;Junior;Urgente
4990;2022-12-23;;1;Hardware;Sostenibilidad y Progreso;48;141;En Progreso;Jorge Martín;65;Junior;Alta
5106;2022-09-05;;4;Seguridad;Sostenibilidad y Progreso;48;141;En Progreso;Jorge Martín;65;Junior;Media
5263;2022-11-17;;2;Hardware;Redes Seguras;48;179;Abierto;Jorge Martín;65;Junior;Media
5275;2022-09-03;;5;Hardware;Innovaciones Creativas;48;156;En Progreso;Jorge Martín;65;Junior;Baja
5412;2022-05-06;;3;Redes;Sostenibilidad y Progreso;48;141;Cerrado;Jorge Martín;65;Junior;Baja
5502;2022-01-01;;5;Software;Innovaciones Creativas;48;156;En Progreso;Jorge Martín;65;Junior;Urgente
5588;2022-04-20;;2;Hardware;Innovaciones Creativas;48;156;Abierto;Jorge Martín;65;Junior;Urgente
5593;2022-12-28;;3;Redes;Innovaciones Creativas;48;156;En Progreso;Jorge Martín;65;Junior;Media
5622;2022-06-12;;3;Redes;Innovaciones Creativas;48;156;Abierto;Jorge Martín;65;Junior;Urgente
5773;2022-06-26;;5;Hardware;Redes Seguras;48;179;Cerrado;Jorge Martín;65;Junior;Media
5943;2022-05-01;;2;Redes;Redes Seguras;48;179;Abierto;Jorge Martín;65;Junior;Media
6105;2022-07-30;;1;Hardware;Redes Seguras;48;179;Cerrado;Jorge Martín;65;Junior;Urgente
6307;2022-06-09;;1;Hardware;Redes Seguras;48;179;Abierto;Jorge Martín;65;Junior;Baja
6517;2022-08-08;;5;Hardware;Redes Seguras;48;179;Abierto;Jorge Martín;65;Junior;Alta
6765;2022-08-08;;4;Hardware;Redes Seguras;48;179;Abierto;Jorge Martín;65;Junior;Media
7054;2022-06-12;;3;Hardware;Redes Seguras;48;179;En Progreso;Jorge Martín;65;Junior;Urgente
7141;2022-06-01;;5;Seguridad;Sostenibilidad y Progreso;48;141;En Progreso;Jorge Martín;65;Junior;Baja
7230;2022-04-22;;3;Seguridad;Redes Seguras;48;179;En Progreso;Jorge Martín;65;Junior;Baja
7311;2022-09-23;;1;Redes;Redes Seguras;48;179;En Progreso;Jorge Martín;65;Junior;Alta
7336;2022-07-12;;5;Seguridad;Redes Seguras;48;179;Abierto;Jorge Martín;65;Junior;Baja
7371;2022-10-04;;1;Software;Innovaciones Creativas;48;156;En Progreso;Jorge Martín;65;Junior;Urgente
7434;2022-11-17;;3;Hardware;Sostenibilidad y Progreso;48;141;Cerrado;Jorge Martín;65;Junior;Alta
7481;2022-07-14;;3;Software;Redes Seguras;48;179;Abierto;Jorge Martín;65;Junior;Baja
7528;2022-02-16;;2;Seguridad;Redes Seguras;48;179;Abierto;Jorge Martín;65;Junior;Alta
7549;2022-12-17;;5;Software;Redes Seguras;48;179;En Progreso;Jorge Martín;65;Junior;Alta
7627;2022-04-16;;1;Software;Sostenibilidad y Progreso;48;141;Abierto;Jorge Martín;65;Junior;Media
7767;2022-10-24;;2;Seguridad;Redes Seguras;48;179;En Progreso;Jorge Martín;65;Junior;Baja
8083;2022-10-22;;3;Software;Redes Seguras;48;179;Cerrado;Jorge Martín;65;Junior;Alta
8086;2022-03-15;;3;Redes;Redes Seguras;48;179;Abierto;Jorge Martín;65;Junior;Baja
8257;2022-03-22;;3;Hardware;Redes Seguras;48;179;Abierto;Jorge Martín;65;Junior;Baja
8315;2022-03-21;;4;Redes;Innovaciones Creativas;48;156;Abierto;Jorge Martín;65;Junior;Urgente
8338;2022-05-28;;5;Redes;Redes Seguras;48;179;En Progreso;Jorge Martín;65;Junior;Baja
8456;2022-11-13;;4;Seguridad;Redes Seguras;48;179;Abierto;Jorge Martín;65;Junior;Media
8465;2022-10-10;;2;Seguridad;Innovaciones Creativas;48;156;Cerrado;Jorge Martín;65;Junior;Baja
8540;2022-05-20;;4;Seguridad;Redes Seguras;48;179;En Progreso;Jorge Martín;65;Junior;Urgente
8542;2022-12-17;;2;Hardware;Innovaciones Creativas;48;156;Abierto;Jorge Martín;65;Junior;Baja
8574;2022-03-31;;5;Software;Redes Seguras;48;179;Abierto;Jorge Martín;65;Junior;Media
8694;2022-11-15;;2;Software;Innovaciones Creativas;48;156;En Progreso;Jorge Martín;65;Junior;Urgente
8721;2022-07-04;;5;Seguridad;Redes Seguras;48;179;Cerrado;Jorge Martín;65;Junior;Urgente
8991;2022-01-17;;3;Software;Innovaciones Creativas;48;156;Cerrado;Jorge Martín;65;Junior;Alta
9209;2022-10-15;;2;Seguridad;Redes Seguras;48;179;En Progreso;Jorge Martín;65;Junior;Media
9236;2022-09-22;;5;Software;Innovaciones Creativas;48;156;Abierto;Jorge Martín;65;Junior;Baja
9441;2022-05-19;;5;Redes;Redes Seguras;48;179;Cerrado;Jorge Martín;65;Junior;Media
9445;2022-01-08;;1;Software;Redes Seguras;48;179;Abierto;Jorge Martín;65;Junior;Baja
9655;2022-01-26;;1;Software;Redes Seguras;48;179;En Progreso;Jorge Martín;65;Junior;Baja
9738;2022-07-28;;2;Software;Sostenibilidad y Progreso;48;141;Abierto;Jorge Martín;65;Junior;Baja
9759;2022-01-28;;4;Seguridad;Sostenibilidad y Progreso;48;141;Abierto;Jorge Martín;65;Junior;Media
9926;2022-09-29;;4;Software;Innovaciones Creativas;48;156;Cerrado;Jorge Martín;65;Junior;Urgente
153;2022-01-18;;4;Software;Inteligencia de Datos;72;195;Abierto;Jorge Martín;65;Junior;Baja
439;2022-12-17;;2;Software;Inteligencia de Datos;72;195;Cerrado;Jorge Martín;65;Junior;Media
517;2022-12-02;;5;Hardware;Servicios Globales;36;195;Abierto;Jorge Martín;65;Junior;Baja
723;2022-07-17;;4;Software;Inteligencia de Datos;72;195;Cerrado;Jorge Martín;65;Junior;Alta
762;2022-04-02;;5;Redes;Servicios Globales;36;195;Cerrado;Jorge Martín;65;Junior;Baja
768;2022-11-12;;2;Seguridad;Inteligencia de Datos;72;195;Abierto;Jorge Martín;65;Junior;Alta
916;2022-06-01;;4;Redes;Inteligencia de Datos;72;195;Abierto;Jorge Martín;65;Junior;Urgente
1003;2022-04-15;;2;Redes;Servicios Globales;36;195;En Progreso;Jorge Martín;65;Junior;Baja
1271;2022-01-28;;3;Seguridad;Servicios Globales;36;195;Cerrado;Jorge Martín;65;Junior;Alta
1442;2022-12-03;;3;Seguridad;Servicios Globales;36;195;Cerrado;Jorge Martín;65;Junior;Baja
1494;2022-03-15;;1;Redes;Servicios Globales;36;195;En Progreso;Jorge Martín;65;Junior;Urgente
1696;2022-05-05;;4;Redes;Servicios Globales;36;195;En Progreso;Jorge Martín;65;Junior;Urgente
1954;2022-05-15;;1;Seguridad;Servicios Globales;36;195;Cerrado;Jorge Martín;65;Junior;Media
2246;2022-09-10;;4;Software;Inteligencia de Datos;72;195;En Progreso;Jorge Martín;65;Junior;Baja
2313;2022-12-29;;4;Hardware;Servicios Globales;36;195;En Progreso;Jorge Martín;65;Junior;Media
2432;2022-04-12;;3;Hardware;Inteligencia de Datos;72;195;En Progreso;Jorge Martín;65;Junior;Alta
2567;2022-02-27;;1;Software;Inteligencia de Datos;72;195;Cerrado;Jorge Martín;65;Junior;Alta
2623;2022-07-09;;5;Hardware;Servicios Globales;36;195;Cerrado;Jorge Martín;65;Junior;Urgente
2674;2022-07-31;;2;Seguridad;Servicios Globales;36;195;En Progreso;Jorge Martín;65;Junior;Media
2730;2022-10-30;;4;Seguridad;Servicios Globales;36;195;Abierto;Jorge Martín;65;Junior;Urgente
2734;2022-07-11;;2;Software;Servicios Globales;36;195;Cerrado;Jorge Martín;65;Junior;Urgente
2773;2022-07-30;;2;Redes;Servicios Globales;36;195;En Progreso;Jorge Martín;65;Junior;Urgente
2987;2022-09-27;;4;Seguridad;Servicios Globales;36;195;Cerrado;Jorge Martín;65;Junior;Urgente
3053;2022-11-05;;4;Redes;Servicios Globales;36;195;Abierto;Jorge Martín;65;Junior;Media
3122;2022-12-06;;2;Hardware;Inteligencia de Datos;72;195;Cerrado;Jorge Martín;65;Junior;Media
3128;2022-05-04;;2;Redes;Inteligencia de Datos;72;195;Cerrado;Jorge Martín;65;Junior;Alta
3164;2022-05-05;;3;Redes;Inteligencia de Datos;72;195;Abierto;Jorge Martín;65;Junior;Media
3388;2022-07-09;;5;Hardware;Servicios Globales;36;195;En Progreso;Jorge Martín;65;Junior;Baja
3444;2022-04-16;;2;Redes;Servicios Globales;36;195;En Progreso;Jorge Martín;65;Junior;Baja
3481;2022-12-28;;3;Redes;Inteligencia de Datos;72;195;Cerrado;Jorge Martín;65;Junior;Baja
3545;2022-03-30;;3;Redes;Servicios Globales;36;195;Abierto;Jorge Martín;65;Junior;Media
3558;2022-01-30;;3;Software;Servicios Globales;36;195;En Progreso;Jorge Martín;65;Junior;Media
3664;2022-07-01;;2;Hardware;Servicios Globales;36;195;En Progreso;Jorge Martín;65;Junior;Alta
3766;2022-01-10;;1;Software;Servicios Globales;36;195;Cerrado;Jorge Martín;65;Junior;Media
3783;2022-11-17;;4;Software;Inteligencia de Datos;72;195;Abierto;Jorge Martín;65;Junior;Baja
3800;2022-12-03;;3;Software;Servicios Globales;36;195;Abierto;Jorge Martín;65;Junior;Media
3914;2022-08-03;;2;Seguridad;Servicios Globales;36;195;Cerrado;Jorge Martín;65;Junior;Alta
3930;2022-09-16;;2;Seguridad;Servicios Globales;36;195;En Progreso;Jorge Martín;65;Junior;Urgente
4182;2022-02-01;;5;Redes;Inteligencia de Datos;72;195;Cerrado;Jorge Martín;65;Junior;Urgente
4214;2022-01-28;;1;Seguridad;Inteligencia de Datos;72;195;Cerrado;Jorge Martín;65;Junior;Alta
4307;2022-10-15;;1;Hardware;Servicios Globales;36;195;Abierto;Jorge Martín;65;Junior;Alta
4490;2022-07-13;;4;Redes;Inteligencia de Datos;72;195;Abierto;Jorge Martín;65;Junior;Alta
4627;2022-03-31;;3;Redes;Inteligencia de Datos;72;195;En Progreso;Jorge Martín;65;Junior;Media
5332;2022-05-01;;2;Software;Servicios Globales;36;195;Cerrado;Jorge Martín;65;Junior;Alta
5379;2022-10-05;;4;Software;Inteligencia de Datos;72;195;Abierto;Jorge Martín;65;Junior;Media
5554;2022-10-26;;2;Software;Inteligencia de Datos;72;195;Cerrado;Jorge Martín;65;Junior;Alta
5567;2022-09-05;;4;Hardware;Inteligencia de Datos;72;195;Cerrado;Jorge Martín;65;Junior;Urgente
5657;2022-06-10;;3;Hardware;Servicios Globales;36;195;Abierto;Jorge Martín;65;Junior;Urgente
5884;2022-08-22;;3;Software;Servicios Globales;36;195;En Progreso;Jorge Martín;65;Junior;Urgente
5924;2022-04-16;;5;Hardware;Inteligencia de Datos;72;195;Abierto;Jorge Martín;65;Junior;Urgente
5983;2022-02-18;;4;Redes;Servicios Globales;36;195;En Progreso;Jorge Martín;65;Junior;Baja
6133;2022-05-11;;5;Seguridad;Servicios Globales;36;195;En Progreso;Jorge Martín;65;Junior;Urgente
6243;2022-11-14;;4;Redes;Inteligencia de Datos;72;195;Abierto;Jorge Martín;65;Junior;Urgente
6265;2022-07-10;;4;Redes;Inteligencia de Datos;72;195;En Progreso;Jorge Martín;65;Junior;Baja
6355;2022-12-09;;5;Software;Inteligencia de Datos;72;195;Abierto;Jorge Martín;65;Junior;Media
6560;2022-04-06;;3;Hardware;Inteligencia de Datos;72;195;Abierto;Jorge Martín;65;Junior;Baja
6609;2022-12-09;;4;Hardware;Inteligencia de Datos;72;195;Cerrado;Jorge Martín;65;Junior;Baja
6997;2022-02-25;;2;Hardware;Servicios Globales;36;195;Cerrado;Jorge Martín;65;Junior;Baja
7015;2022-04-01;;4;Software;Servicios Globales;36;195;Cerrado;Jorge Martín;65;Junior;Urgente
7060;2022-09-22;;3;Hardware;Inteligencia de Datos;72;195;En Progreso;Jorge Martín;65;Junior;Media
7079;2022-02-22;;3;Software;Inteligencia de Datos;72;195;Cerrado;Jorge Martín;65;Junior;Media
7153;2022-04-29;;1;Redes;Inteligencia de Datos;72;195;Abierto;Jorge Martín;65;Junior;Media
7521;2022-10-27;;2;Redes;Servicios Globales;36;195;En Progreso;Jorge Martín;65;Junior;Media
7661;2022-03-05;;4;Redes;Inteligencia de Datos;72;195;En Progreso;Jorge Martín;65;Junior;Baja
7715;2022-06-11;;4;Software;Servicios Globales;36;195;Abierto;Jorge Martín;65;Junior;Urgente
7787;2022-03-13;;2;Software;Servicios Globales;36;195;En Progreso;Jorge Martín;65;Junior;Urgente
8138;2022-09-27;;4;Redes;Servicios Globales;36;195;Abierto;Jorge Martín;65;Junior;Alta
8215;2022-07-17;;2;Hardware;Inteligencia de Datos;72;195;Cerrado;Jorge Martín;65;Junior;Urgente
8289;2022-03-19;;5;Redes;Servicios Globales;36;195;En Progreso;Jorge Martín;65;Junior;Media
8419;2022-02-19;;3;Hardware;Servicios Globales;36;195;En Progreso;Jorge Martín;65;Junior;Alta
8499;2022-10-20;;2;Hardware;Servicios Globales;36;195;En Progreso;Jorge Martín;65;Junior;Baja
9297;2022-06-27;;2;Redes;Inteligencia de Datos;72;195;En Progreso;Jorge Martín;65;Junior;Urgente
9545;2022-03-10;;5;Redes;Inteligencia de Datos;72;195;Cerrado;Jorge Martín;65;Junior;Media
9931;2022-08-12;;1;Seguridad;Servicios Globales;36;195;Abierto;Jorge Martín;65;Junior;Urgente
34;2022-12-18;2023-07-13;5;Software;Sostenibilidad y Progreso;48;141;Cerrado;Jorge Martín;65;Junior;Baja
37;2022-09-02;2022-12-22;3;Seguridad;Sostenibilidad y Progreso;48;141;Cerrado;Jorge Martín;65;Junior;Baja
41;2022-08-15;2023-03-18;2;Hardware;Inteligencia de Datos;72;195;Cerrado;Jorge Martín;65;Junior;Urgente
63;2022-08-13;2023-06-03;2;Seguridad;Redes Seguras;48;179;Cerrado;Jorge Martín;65;Junior;Urgente
92;2022-12-12;2023-10-21;3;Software;Avances Continuos;36;134;Cerrado;Jorge Martín;65;Junior;Baja
95;2022-02-02;2022-11-20;1;Hardware;Sistemas Ecológicos;24;130;Cerrado;Jorge Martín;65;Junior;Baja
136;2022-02-05;2022-08-20;5;Software;Soluciones Tecnológicas;24;164;Cerrado;Jorge Martín;65;Junior;Baja
138;2022-05-20;2022-05-28;2;Redes;Soluciones Tecnológicas;24;164;Cerrado;Jorge Martín;65;Junior;Media
257;2022-10-13;2023-01-02;5;Seguridad;Innovaciones Creativas;48;156;Cerrado;Jorge Martín;65;Junior;Media
368;2022-08-19;2023-05-28;5;Hardware;Visión Futurista;72;196;Cerrado;Jorge Martín;65;Junior;Alta
805;2022-07-07;2022-10-30;4;Hardware;Creatividad y Desarrollo;24;114;Cerrado;Jorge Martín;65;Junior;Media
923;2022-03-16;2023-02-06;2;Hardware;Avances Continuos;36;134;Cerrado;Jorge Martín;65;Junior;Baja
1552;2022-08-06;2023-05-01;4;Hardware;Inteligencia de Datos;72;195;Cerrado;Jorge Martín;65;Junior;Media
1595;2022-04-29;2023-01-27;4;Hardware;Creatividad y Desarrollo;24;114;Cerrado;Jorge Martín;65;Junior;Urgente
1947;2022-08-13;2023-06-04;4;Hardware;Visión Futurista;72;196;Cerrado;Jorge Martín;65;Junior;Baja
1960;2022-01-24;2022-07-18;4;Software;Avances Continuos;36;134;Cerrado;Jorge Martín;65;Junior;Media
2079;2022-10-28;2022-11-02;2;Software;Sostenibilidad y Progreso;48;141;Cerrado;Jorge Martín;65;Junior;Media
2112;2022-10-06;2023-02-10;3;Redes;Redes Seguras;48;179;Cerrado;Jorge Martín;65;Junior;Alta
2200;2022-08-21;2022-12-22;1;Seguridad;Redes Seguras;48;179;Cerrado;Jorge Martín;65;Junior;Alta
2228;2022-08-09;2022-09-21;5;Redes;Creatividad y Desarrollo;24;114;Cerrado;Jorge Martín;65;Junior;Baja
2288;2022-07-09;2023-01-09;3;Seguridad;Avances Continuos;36;134;Cerrado;Jorge Martín;65;Junior;Baja
2388;2022-08-26;2023-04-30;1;Redes;Inteligencia de Datos;72;195;Cerrado;Jorge Martín;65;Junior;Alta
2768;2022-04-01;2022-12-06;5;Hardware;Sostenibilidad y Progreso;48;141;Cerrado;Jorge Martín;65;Junior;Urgente
2840;2022-04-16;2023-02-16;5;Hardware;Inteligencia de Datos;72;195;Cerrado;Jorge Martín;65;Junior;Baja
2942;2022-08-11;2023-01-04;1;Seguridad;Soluciones Tecnológicas;24;164;Cerrado;Jorge Martín;65;Junior;Urgente
3295;2022-06-10;2022-08-20;4;Hardware;Avances Continuos;36;134;Cerrado;Jorge Martín;65;Junior;Baja
3311;2022-11-30;2023-10-03;4;Software;Sostenibilidad y Progreso;48;141;Cerrado;Jorge Martín;65;Junior;Media
3381;2022-09-12;2023-05-12;2;Redes;Sistemas Ecológicos;24;130;Cerrado;Jorge Martín;65;Junior;Media
3438;2022-07-18;2023-05-30;1;Software;Redes Seguras;48;179;Cerrado;Jorge Martín;65;Junior;Baja
3715;2022-06-07;2022-10-15;3;Seguridad;Servicios Globales;36;195;Cerrado;Jorge Martín;65;Junior;Media
3755;2022-05-20;2022-09-13;5;Redes;Sistemas Ecológicos;24;130;Cerrado;Jorge Martín;65;Junior;Baja
3757;2022-10-20;2023-09-14;2;Software;Innovaciones Creativas;48;156;Cerrado;Jorge Martín;65;Junior;Baja
3996;2022-05-21;2023-03-07;4;Redes;Avances Continuos;36;134;Cerrado;Jorge Martín;65;Junior;Alta
4016;2022-09-06;2022-09-16;3;Software;Redes Seguras;48;179;Cerrado;Jorge Martín;65;Junior;Alta
4159;2022-07-05;2023-03-27;5;Seguridad;Inteligencia de Datos;72;195;Cerrado;Jorge Martín;65;Junior;Urgente
4174;2022-10-21;2022-12-02;4;Redes;Innovaciones Creativas;48;156;Cerrado;Jorge Martín;65;Junior;Alta
4261;2022-06-20;2022-11-09;2;Redes;Sostenibilidad y Progreso;48;141;Cerrado;Jorge Martín;65;Junior;Baja
4265;2022-04-25;2022-12-02;1;Software;Soluciones Tecnológicas;24;164;Cerrado;Jorge Martín;65;Junior;Baja
4266;2022-12-28;2023-08-09;2;Redes;Inteligencia de Datos;72;195;Cerrado;Jorge Martín;65;Junior;Media
4436;2022-04-12;2022-10-09;2;Hardware;Creatividad y Desarrollo;24;114;Cerrado;Jorge Martín;65;Junior;Baja
4475;2022-05-24;2022-09-13;4;Redes;Visión Futurista;72;196;Cerrado;Jorge Martín;65;Junior;Alta
4484;2022-07-22;2023-01-08;2;Software;Visión Futurista;72;196;Cerrado;Jorge Martín;65;Junior;Urgente
4707;2022-06-23;2022-11-28;3;Seguridad;Soluciones Tecnológicas;24;164;Cerrado;Jorge Martín;65;Junior;Baja
4910;2022-04-18;2022-05-09;1;Seguridad;Avances Continuos;36;134;Cerrado;Jorge Martín;65;Junior;Baja
4948;2022-11-18;2022-11-26;1;Seguridad;Visión Futurista;72;196;Cerrado;Jorge Martín;65;Junior;Baja
5123;2022-01-27;2022-08-31;4;Redes;Soluciones Tecnológicas;24;164;Cerrado;Jorge Martín;65;Junior;Alta
5221;2022-06-22;2022-10-01;3;Seguridad;Visión Futurista;72;196;Cerrado;Jorge Martín;65;Junior;Media
5229;2022-06-01;2022-10-15;5;Software;Creatividad y Desarrollo;24;114;Cerrado;Jorge Martín;65;Junior;Alta
5241;2022-08-03;2022-10-30;1;Software;Servicios Globales;36;195;Cerrado;Jorge Martín;65;Junior;Urgente
5353;2022-08-05;2023-07-29;2;Software;Innovaciones Creativas;48;156;Cerrado;Jorge Martín;65;Junior;Urgente
5373;2022-05-21;2023-03-27;3;Redes;Sostenibilidad y Progreso;48;141;Cerrado;Jorge Martín;65;Junior;Urgente
5514;2022-03-02;2022-08-23;3;Hardware;Sostenibilidad y Progreso;48;141;Cerrado;Jorge Martín;65;Junior;Baja
6287;2022-09-25;2023-05-09;1;Hardware;Redes Seguras;48;179;Cerrado;Jorge Martín;65;Junior;Media
6404;2022-11-14;2023-01-07;3;Hardware;Inteligencia de Datos;72;195;Cerrado;Jorge Martín;65;Junior;Urgente
6521;2022-05-19;2023-04-20;3;Hardware;Creatividad y Desarrollo;24;114;Cerrado;Jorge Martín;65;Junior;Media
6655;2022-11-11;2023-09-17;2;Software;Servicios Globales;36;195;Cerrado;Jorge Martín;65;Junior;Media
6712;2022-12-15;2023-07-11;3;Seguridad;Redes Seguras;48;179;Cerrado;Jorge Martín;65;Junior;Baja
6724;2022-09-03;2023-08-29;4;Hardware;Inteligencia de Datos;72;195;Cerrado;Jorge Martín;65;Junior;Media
6764;2022-09-08;2022-10-29;3;Redes;Innovaciones Creativas;48;156;Cerrado;Jorge Martín;65;Junior;Urgente
7061;2022-01-15;2022-05-09;5;Seguridad;Sostenibilidad y Progreso;48;141;Cerrado;Jorge Martín;65;Junior;Media
7173;2022-01-09;2022-09-16;4;Software;Redes Seguras;48;179;Cerrado;Jorge Martín;65;Junior;Urgente
7327;2022-04-24;2022-12-11;3;Hardware;Sistemas Ecológicos;24;130;Cerrado;Jorge Martín;65;Junior;Baja
7529;2022-09-18;2022-12-05;1;Redes;Innovaciones Creativas;48;156;Cerrado;Jorge Martín;65;Junior;Urgente
7731;2022-06-26;2022-12-03;1;Redes;Servicios Globales;36;195;Cerrado;Jorge Martín;65;Junior;Alta
7856;2022-01-19;2022-05-11;4;Redes;Soluciones Tecnológicas;24;164;Cerrado;Jorge Martín;65;Junior;Media
7933;2022-12-05;2023-08-11;4;Software;Innovaciones Creativas;48;156;Cerrado;Jorge Martín;65;Junior;Alta
7984;2022-11-15;2023-07-17;2;Redes;Visión Futurista;72;196;Cerrado;Jorge Martín;65;Junior;Urgente
8011;2022-04-11;2023-01-25;1;Hardware;Inteligencia de Datos;72;195;Cerrado;Jorge Martín;65;Junior;Urgente
8105;2022-08-17;2023-05-24;1;Hardware;Visión Futurista;72;196;Cerrado;Jorge Martín;65;Junior;Alta
8548;2022-11-09;2023-03-31;3;Seguridad;Redes Seguras;48;179;Cerrado;Jorge Martín;65;Junior;Urgente
8681;2022-04-08;2022-04-29;1;Hardware;Redes Seguras;48;179;Cerrado;Jorge Martín;65;Junior;Media
8997;2022-01-02;2022-04-14;3;Redes;Servicios Globales;36;195;Cerrado;Jorge Martín;65;Junior;Baja
8998;2022-10-29;2023-01-18;5;Seguridad;Soluciones Tecnológicas;24;164;Cerrado;Jorge Martín;65;Junior;Media
9020;2022-07-09;2022-12-30;5;Seguridad;Visión Futurista;72;196;Cerrado;Jorge Martín;65;Junior;Urgente
9037;2022-03-08;2022-03-22;5;Redes;Sistemas Ecológicos;24;130;Cerrado;Jorge Martín;65;Junior;Media
9452;2022-02-17;2022-05-25;1;Hardware;Creatividad y Desarrollo;24;114;Cerrado;Jorge Martín;65;Junior;Alta
24;2022-08-13;2023-07-31;5;Hardware;Soluciones Tecnológicas;24;164;Abierto;Jorge Martín;65;Junior;Media
81;2022-09-22;2023-08-05;5;Hardware;Innovaciones Creativas;48;156;Abierto;Jorge Martín;65;Junior;Media
167;2022-11-17;2023-08-14;4;Hardware;Inteligencia de Datos;72;195;Abierto;Jorge Martín;65;Junior;Baja
324;2022-08-17;2023-02-09;3;Redes;Sostenibilidad y Progreso;48;141;Abierto;Jorge Martín;65;Junior;Baja
447;2022-12-17;2023-03-03;4;Software;Innovaciones Creativas;48;156;Abierto;Jorge Martín;65;Junior;Media
462;2022-05-10;2023-01-07;2;Hardware;Avances Continuos;36;134;Abierto;Jorge Martín;65;Junior;Media
642;2022-05-25;2022-06-25;3;Software;Visión Futurista;72;196;Abierto;Jorge Martín;65;Junior;Alta
699;2022-02-22;2022-10-01;1;Software;Servicios Globales;36;195;Abierto;Jorge Martín;65;Junior;Media
731;2022-06-01;2023-02-05;4;Seguridad;Creatividad y Desarrollo;24;114;Abierto;Jorge Martín;65;Junior;Media
1093;2022-10-17;2023-06-19;5;Hardware;Creatividad y Desarrollo;24;114;Abierto;Jorge Martín;65;Junior;Alta
1403;2022-01-13;2022-04-01;4;Seguridad;Servicios Globales;36;195;Abierto;Jorge Martín;65;Junior;Baja
1432;2022-11-28;2023-05-20;3;Seguridad;Avances Continuos;36;134;Abierto;Jorge Martín;65;Junior;Alta
1564;2022-03-17;2022-10-12;2;Hardware;Visión Futurista;72;196;Abierto;Jorge Martín;65;Junior;Baja
1920;2022-07-02;2022-10-31;1;Software;Visión Futurista;72;196;Abierto;Jorge Martín;65;Junior;Urgente
1925;2022-05-22;2022-11-14;4;Software;Sistemas Ecológicos;24;130;Abierto;Jorge Martín;65;Junior;Baja
2220;2022-11-28;2023-09-06;1;Seguridad;Sistemas Ecológicos;24;130;Abierto;Jorge Martín;65;Junior;Alta
2318;2022-04-07;2022-12-11;5;Redes;Inteligencia de Datos;72;195;Abierto;Jorge Martín;65;Junior;Alta
2468;2022-10-07;2023-01-15;4;Hardware;Soluciones Tecnológicas;24;164;Abierto;Jorge Martín;65;Junior;Media
2502;2022-12-22;2023-01-27;2;Hardware;Soluciones Tecnológicas;24;164;Abierto;Jorge Martín;65;Junior;Alta
2522;2022-11-02;2023-06-20;4;Seguridad;Innovaciones Creativas;48;156;Abierto;Jorge Martín;65;Junior;Urgente
2667;2022-06-06;2023-02-05;1;Hardware;Sostenibilidad y Progreso;48;141;Abierto;Jorge Martín;65;Junior;Alta
2820;2022-02-01;2022-06-10;2;Software;Sostenibilidad y Progreso;48;141;Abierto;Jorge Martín;65;Junior;Media
2881;2022-05-25;2022-11-18;1;Redes;Soluciones Tecnológicas;24;164;Abierto;Jorge Martín;65;Junior;Alta
3081;2022-07-31;2023-02-14;5;Software;Redes Seguras;48;179;Abierto;Jorge Martín;65;Junior;Alta
3225;2022-10-09;2023-03-17;3;Hardware;Creatividad y Desarrollo;24;114;Abierto;Jorge Martín;65;Junior;Baja
3278;2022-01-22;2022-03-31;2;Software;Redes Seguras;48;179;Abierto;Jorge Martín;65;Junior;Baja
3296;2022-05-14;2022-05-27;1;Seguridad;Sostenibilidad y Progreso;48;141;Abierto;Jorge Martín;65;Junior;Baja
3331;2022-09-14;2022-09-30;2;Seguridad;Creatividad y Desarrollo;24;114;Abierto;Jorge Martín;65;Junior;Media
3433;2022-03-27;2022-05-16;4;Software;Visión Futurista;72;196;Abierto;Jorge Martín;65;Junior;Baja
3669;2022-12-12;2023-11-29;4;Software;Sistemas Ecológicos;24;130;Abierto;Jorge Martín;65;Junior;Baja
3804;2022-05-17;2022-10-04;4;Redes;Servicios Globales;36;195;Abierto;Jorge Martín;65;Junior;Media
4037;2022-11-30;2023-03-18;5;Seguridad;Sostenibilidad y Progreso;48;141;Abierto;Jorge Martín;65;Junior;Baja
4218;2022-06-20;2022-07-06;5;Hardware;Creatividad y Desarrollo;24;114;Abierto;Jorge Martín;65;Junior;Urgente
4356;2022-07-05;2023-04-18;5;Seguridad;Creatividad y Desarrollo;24;114;Abierto;Jorge Martín;65;Junior;Urgente
4489;2022-10-04;2022-12-03;3;Seguridad;Avances Continuos;36;134;Abierto;Jorge Martín;65;Junior;Alta
4554;2022-12-04;2023-03-02;4;Hardware;Servicios Globales;36;195;Abierto;Jorge Martín;65;Junior;Media
4740;2022-03-14;2022-05-29;1;Hardware;Sostenibilidad y Progreso;48;141;Abierto;Jorge Martín;65;Junior;Media
4793;2022-06-05;2022-11-01;3;Software;Soluciones Tecnológicas;24;164;Abierto;Jorge Martín;65;Junior;Baja
4886;2022-02-18;2022-08-06;3;Seguridad;Innovaciones Creativas;48;156;Abierto;Jorge Martín;65;Junior;Baja
4889;2022-11-03;2023-09-22;3;Hardware;Inteligencia de Datos;72;195;Abierto;Jorge Martín;65;Junior;Media
4904;2022-09-27;2023-07-15;4;Software;Sostenibilidad y Progreso;48;141;Abierto;Jorge Martín;65;Junior;Alta
5054;2022-12-24;2023-06-18;2;Redes;Inteligencia de Datos;72;195;Abierto;Jorge Martín;65;Junior;Urgente
5163;2022-06-29;2023-04-22;5;Seguridad;Innovaciones Creativas;48;156;Abierto;Jorge Martín;65;Junior;Media
5165;2022-12-17;2023-01-19;2;Redes;Sostenibilidad y Progreso;48;141;Abierto;Jorge Martín;65;Junior;Media
5294;2022-06-18;2023-06-03;3;Software;Servicios Globales;36;195;Abierto;Jorge Martín;65;Junior;Baja
5620;2022-06-21;2023-01-29;5;Redes;Creatividad y Desarrollo;24;114;Abierto;Jorge Martín;65;Junior;Baja
5626;2022-03-20;2022-07-10;1;Software;Sostenibilidad y Progreso;48;141;Abierto;Jorge Martín;65;Junior;Baja
5627;2022-09-04;2023-05-01;2;Hardware;Soluciones Tecnológicas;24;164;Abierto;Jorge Martín;65;Junior;Alta
5665;2022-09-07;2023-03-03;3;Software;Sistemas Ecológicos;24;130;Abierto;Jorge Martín;65;Junior;Media
6166;2022-11-14;2023-11-11;2;Software;Creatividad y Desarrollo;24;114;Abierto;Jorge Martín;65;Junior;Alta
6327;2022-04-19;2022-06-21;3;Seguridad;Creatividad y Desarrollo;24;114;Abierto;Jorge Martín;65;Junior;Alta
6717;2022-08-30;2023-01-19;2;Software;Redes Seguras;48;179;Abierto;Jorge Martín;65;Junior;Media
7003;2022-12-08;2023-02-03;4;Hardware;Redes Seguras;48;179;Abierto;Jorge Martín;65;Junior;Alta
7114;2022-10-29;2022-12-25;4;Redes;Avances Continuos;36;134;Abierto;Jorge Martín;65;Junior;Baja
7145;2022-07-26;2022-09-04;5;Hardware;Sistemas Ecológicos;24;130;Abierto;Jorge Martín;65;Junior;Alta
7221;2022-01-25;2022-07-16;3;Software;Avances Continuos;36;134;Abierto;Jorge Martín;65;Junior;Baja
7284;2022-10-13;2023-08-14;1;Redes;Avances Continuos;36;134;Abierto;Jorge Martín;65;Junior;Media
7417;2022-08-29;2022-09-29;4;Software;Sostenibilidad y Progreso;48;141;Abierto;Jorge Martín;65;Junior;Urgente
7439;2022-05-15;2022-12-22;3;Seguridad;Avances Continuos;36;134;Abierto;Jorge Martín;65;Junior;Alta
7470;2022-12-10;2023-01-09;5;Seguridad;Redes Seguras;48;179;Abierto;Jorge Martín;65;Junior;Alta
7595;2022-09-24;2022-10-24;5;Software;Sistemas Ecológicos;24;130;Abierto;Jorge Martín;65;Junior;Alta
7676;2022-05-03;2023-02-20;5;Software;Soluciones Tecnológicas;24;164;Abierto;Jorge Martín;65;Junior;Alta
7782;2022-10-13;2023-06-29;2;Hardware;Soluciones Tecnológicas;24;164;Abierto;Jorge Martín;65;Junior;Baja
7835;2022-04-18;2022-09-14;2;Software;Visión Futurista;72;196;Abierto;Jorge Martín;65;Junior;Urgente
7864;2022-12-11;2023-02-10;3;Seguridad;Soluciones Tecnológicas;24;164;Abierto;Jorge Martín;65;Junior;Media
7916;2022-10-14;2023-02-14;2;Seguridad;Innovaciones Creativas;48;156;Abierto;Jorge Martín;65;Junior;Baja
7931;2022-01-04;2022-06-30;5;Redes;Innovaciones Creativas;48;156;Abierto;Jorge Martín;65;Junior;Media
7951;2022-12-10;2023-10-25;1;Seguridad;Avances Continuos;36;134;Abierto;Jorge Martín;65;Junior;Baja
7955;2022-08-17;2022-10-01;2;Software;Inteligencia de Datos;72;195;Abierto;Jorge Martín;65;Junior;Alta
8019;2022-02-26;2022-11-22;1;Seguridad;Avances Continuos;36;134;Abierto;Jorge Martín;65;Junior;Urgente
8080;2022-04-05;2022-06-19;2;Redes;Inteligencia de Datos;72;195;Abierto;Jorge Martín;65;Junior;Urgente
8524;2022-10-05;2023-07-02;4;Redes;Sistemas Ecológicos;24;130;Abierto;Jorge Martín;65;Junior;Baja
8539;2022-10-22;2023-08-02;4;Software;Avances Continuos;36;134;Abierto;Jorge Martín;65;Junior;Urgente
8649;2022-09-21;2023-01-09;3;Hardware;Innovaciones Creativas;48;156;Abierto;Jorge Martín;65;Junior;Alta
8675;2022-03-19;2022-08-29;4;Software;Servicios Globales;36;195;Abierto;Jorge Martín;65;Junior;Urgente
8930;2022-02-08;2022-09-25;3;Seguridad;Visión Futurista;72;196;Abierto;Jorge Martín;65;Junior;Baja
8960;2022-06-12;2022-12-03;3;Seguridad;Visión Futurista;72;196;Abierto;Jorge Martín;65;Junior;Alta
9030;2022-04-03;2023-03-06;1;Hardware;Avances Continuos;36;134;Abierto;Jorge Martín;65;Junior;Alta
9706;2022-07-05;2023-03-09;4;Hardware;Sistemas Ecológicos;24;130;Abierto;Jorge Martín;65;Junior;Baja
9718;2022-12-13;2023-01-12;3;Redes;Avances Continuos;36;134;Abierto;Jorge Martín;65;Junior;Urgente
9793;2022-03-09;2022-07-23;5;Seguridad;Visión Futurista;72;196;Abierto;Jorge Martín;65;Junior;Media
9845;2022-05-03;2022-07-29;3;Hardware;Inteligencia de Datos;72;195;Abierto;Jorge Martín;65;Junior;Media
9863;2022-12-06;2023-03-11;4;Redes;Creatividad y Desarrollo;24;114;Abierto;Jorge Martín;65;Junior;Baja
9955;2022-11-09;2022-12-15;5;Hardware;Sostenibilidad y Progreso;48;141;Abierto;Jorge Martín;65;Junior;Baja
7;2022-11-10;2023-03-31;2;Software;Visión Futurista;72;196;En Progreso;Jorge Martín;65;Junior;Alta
83;2022-03-26;2022-10-30;4;Hardware;Innovaciones Creativas;48;156;En Progreso;Jorge Martín;65;Junior;Media
258;2022-05-30;2022-10-27;5;Software;Soluciones Tecnológicas;24;164;En Progreso;Jorge Martín;65;Junior;Alta
289;2022-05-27;2022-06-19;3;Redes;Soluciones Tecnológicas;24;164;En Progreso;Jorge Martín;65;Junior;Baja
355;2022-07-16;2023-03-21;3;Seguridad;Sistemas Ecológicos;24;130;En Progreso;Jorge Martín;65;Junior;Alta
438;2022-04-10;2022-11-27;5;Redes;Sostenibilidad y Progreso;48;141;En Progreso;Jorge Martín;65;Junior;Media
472;2022-12-28;2023-06-24;3;Redes;Visión Futurista;72;196;En Progreso;Jorge Martín;65;Junior;Alta
529;2022-02-14;2022-05-11;3;Redes;Servicios Globales;36;195;En Progreso;Jorge Martín;65;Junior;Baja
553;2022-09-04;2023-06-19;3;Software;Soluciones Tecnológicas;24;164;En Progreso;Jorge Martín;65;Junior;Media
745;2022-12-24;2023-12-20;4;Seguridad;Sostenibilidad y Progreso;48;141;En Progreso;Jorge Martín;65;Junior;Alta
831;2022-01-28;2022-06-02;1;Hardware;Sostenibilidad y Progreso;48;141;En Progreso;Jorge Martín;65;Junior;Media
852;2022-04-27;2023-03-14;3;Seguridad;Avances Continuos;36;134;En Progreso;Jorge Martín;65;Junior;Media
878;2022-12-05;2022-12-06;1;Software;Sistemas Ecológicos;24;130;En Progreso;Jorge Martín;65;Junior;Urgente
968;2022-04-22;2023-04-13;4;Hardware;Sostenibilidad y Progreso;48;141;En Progreso;Jorge Martín;65;Junior;Urgente
1030;2022-06-29;2023-01-11;5;Software;Inteligencia de Datos;72;195;En Progreso;Jorge Martín;65;Junior;Urgente
1109;2022-08-05;2022-10-13;2;Hardware;Inteligencia de Datos;72;195;En Progreso;Jorge Martín;65;Junior;Media
1527;2022-08-15;2023-04-27;4;Seguridad;Sostenibilidad y Progreso;48;141;En Progreso;Jorge Martín;65;Junior;Baja
1557;2022-08-21;2023-06-20;2;Software;Redes Seguras;48;179;En Progreso;Jorge Martín;65;Junior;Urgente
1622;2022-08-12;2023-08-02;4;Redes;Soluciones Tecnológicas;24;164;En Progreso;Jorge Martín;65;Junior;Alta
1673;2022-01-30;2022-03-19;3;Redes;Sostenibilidad y Progreso;48;141;En Progreso;Jorge Martín;65;Junior;Alta
1739;2022-08-05;2022-08-13;1;Software;Innovaciones Creativas;48;156;En Progreso;Jorge Martín;65;Junior;Media
1742;2022-10-27;2023-06-21;1;Redes;Sostenibilidad y Progreso;48;141;En Progreso;Jorge Martín;65;Junior;Alta
2082;2022-10-11;2023-01-05;4;Hardware;Avances Continuos;36;134;En Progreso;Jorge Martín;65;Junior;Media
2204;2022-01-20;2022-02-11;2;Seguridad;Avances Continuos;36;134;En Progreso;Jorge Martín;65;Junior;Alta
2223;2022-08-16;2023-04-10;5;Software;Servicios Globales;36;195;En Progreso;Jorge Martín;65;Junior;Alta
2279;2022-09-14;2023-01-13;3;Redes;Redes Seguras;48;179;En Progreso;Jorge Martín;65;Junior;Media
2306;2022-10-02;2023-07-06;2;Seguridad;Soluciones Tecnológicas;24;164;En Progreso;Jorge Martín;65;Junior;Urgente
2503;2022-02-06;2022-03-06;1;Hardware;Sostenibilidad y Progreso;48;141;En Progreso;Jorge Martín;65;Junior;Urgente
2516;2022-01-11;2022-10-05;2;Seguridad;Innovaciones Creativas;48;156;En Progreso;Jorge Martín;65;Junior;Media
2564;2022-10-30;2023-08-05;1;Software;Sostenibilidad y Progreso;48;141;En Progreso;Jorge Martín;65;Junior;Baja
2756;2022-12-29;2023-08-30;5;Redes;Redes Seguras;48;179;En Progreso;Jorge Martín;65;Junior;Baja
2808;2022-05-17;2022-09-16;2;Redes;Sostenibilidad y Progreso;48;141;En Progreso;Jorge Martín;65;Junior;Baja
2909;2022-08-01;2022-10-15;3;Redes;Soluciones Tecnológicas;24;164;En Progreso;Jorge Martín;65;Junior;Baja
2936;2022-10-11;2023-05-10;1;Seguridad;Sistemas Ecológicos;24;130;En Progreso;Jorge Martín;65;Junior;Alta
2991;2022-05-30;2023-03-03;2;Redes;Avances Continuos;36;134;En Progreso;Jorge Martín;65;Junior;Urgente
3052;2022-03-24;2022-09-04;1;Software;Innovaciones Creativas;48;156;En Progreso;Jorge Martín;65;Junior;Alta
3086;2022-09-08;2023-05-27;5;Hardware;Innovaciones Creativas;48;156;En Progreso;Jorge Martín;65;Junior;Alta
3127;2022-08-25;2022-08-26;3;Software;Inteligencia de Datos;72;195;En Progreso;Jorge Martín;65;Junior;Baja
3323;2022-08-14;2023-01-27;4;Hardware;Innovaciones Creativas;48;156;En Progreso;Jorge Martín;65;Junior;Alta
3496;2022-07-30;2023-04-30;5;Software;Creatividad y Desarrollo;24;114;En Progreso;Jorge Martín;65;Junior;Media
3520;2022-09-25;2023-02-17;2;Hardware;Soluciones Tecnológicas;24;164;En Progreso;Jorge Martín;65;Junior;Urgente
3679;2022-10-30;2023-02-21;4;Software;Sistemas Ecológicos;24;130;En Progreso;Jorge Martín;65;Junior;Alta
3702;2022-09-17;2023-02-20;3;Hardware;Avances Continuos;36;134;En Progreso;Jorge Martín;65;Junior;Media
3779;2022-02-14;2022-12-03;5;Hardware;Visión Futurista;72;196;En Progreso;Jorge Martín;65;Junior;Media
3790;2022-12-24;2023-04-06;5;Hardware;Redes Seguras;48;179;En Progreso;Jorge Martín;65;Junior;Alta
4346;2022-12-24;2023-10-29;5;Hardware;Servicios Globales;36;195;En Progreso;Jorge Martín;65;Junior;Urgente
4487;2022-11-27;2022-12-23;2;Hardware;Innovaciones Creativas;48;156;En Progreso;Jorge Martín;65;Junior;Media
4501;2022-08-21;2023-04-06;1;Seguridad;Redes Seguras;48;179;En Progreso;Jorge Martín;65;Junior;Media
4564;2022-01-27;2022-07-30;3;Software;Sistemas Ecológicos;24;130;En Progreso;Jorge Martín;65;Junior;Baja
4604;2022-07-18;2023-05-18;3;Seguridad;Avances Continuos;36;134;En Progreso;Jorge Martín;65;Junior;Media
4658;2022-06-17;2022-07-01;5;Hardware;Redes Seguras;48;179;En Progreso;Jorge Martín;65;Junior;Media
4794;2022-04-17;2022-05-04;3;Seguridad;Redes Seguras;48;179;En Progreso;Jorge Martín;65;Junior;Baja
4800;2022-02-07;2022-07-10;1;Seguridad;Inteligencia de Datos;72;195;En Progreso;Jorge Martín;65;Junior;Baja
4909;2022-12-23;2023-07-23;3;Seguridad;Visión Futurista;72;196;En Progreso;Jorge Martín;65;Junior;Media
4940;2022-08-30;2023-02-03;1;Hardware;Sostenibilidad y Progreso;48;141;En Progreso;Jorge Martín;65;Junior;Media
4964;2022-08-09;2023-04-23;1;Seguridad;Redes Seguras;48;179;En Progreso;Jorge Martín;65;Junior;Urgente
5141;2022-04-06;2023-02-26;5;Hardware;Avances Continuos;36;134;En Progreso;Jorge Martín;65;Junior;Urgente
5156;2022-07-26;2022-09-14;5;Software;Creatividad y Desarrollo;24;114;En Progreso;Jorge Martín;65;Junior;Media
5173;2022-02-19;2022-07-15;4;Redes;Servicios Globales;36;195;En Progreso;Jorge Martín;65;Junior;Alta
5575;2022-02-17;2022-08-20;1;Software;Soluciones Tecnológicas;24;164;En Progreso;Jorge Martín;65;Junior;Urgente
5718;2022-04-20;2022-09-09;5;Software;Innovaciones Creativas;48;156;En Progreso;Jorge Martín;65;Junior;Baja
6049;2022-08-04;2023-07-16;3;Seguridad;Visión Futurista;72;196;En Progreso;Jorge Martín;65;Junior;Media
6144;2022-02-08;2022-05-26;3;Hardware;Sistemas Ecológicos;24;130;En Progreso;Jorge Martín;65;Junior;Media
6455;2022-10-28;2023-02-25;4;Software;Innovaciones Creativas;48;156;En Progreso;Jorge Martín;65;Junior;Baja
6494;2022-05-20;2022-07-26;4;Redes;Avances Continuos;36;134;En Progreso;Jorge Martín;65;Junior;Media
6526;2022-10-10;2023-01-14;2;Hardware;Inteligencia de Datos;72;195;En Progreso;Jorge Martín;65;Junior;Baja
6554;2022-08-04;2023-06-30;1;Seguridad;Creatividad y Desarrollo;24;114;En Progreso;Jorge Martín;65;Junior;Media
6692;2022-08-18;2023-08-03;4;Software;Servicios Globales;36;195;En Progreso;Jorge Martín;65;Junior;Media
6799;2022-02-27;2022-04-11;2;Hardware;Innovaciones Creativas;48;156;En Progreso;Jorge Martín;65;Junior;Media
6816;2022-03-24;2022-11-07;5;Software;Sistemas Ecológicos;24;130;En Progreso;Jorge Martín;65;Junior;Urgente
7226;2022-10-13;2023-08-07;1;Seguridad;Sostenibilidad y Progreso;48;141;En Progreso;Jorge Martín;65;Junior;Baja
7274;2022-05-11;2022-10-14;2;Seguridad;Sistemas Ecológicos;24;130;En Progreso;Jorge Martín;65;Junior;Baja
7335;2022-11-29;2023-11-18;1;Redes;Sistemas Ecológicos;24;130;En Progreso;Jorge Martín;65;Junior;Urgente
7442;2022-05-13;2023-01-14;5;Redes;Visión Futurista;72;196;En Progreso;Jorge Martín;65;Junior;Urgente
7457;2022-04-15;2022-08-14;5;Hardware;Creatividad y Desarrollo;24;114;En Progreso;Jorge Martín;65;Junior;Alta
7819;2022-11-02;2023-10-08;5;Seguridad;Avances Continuos;36;134;En Progreso;Jorge Martín;65;Junior;Alta
8071;2022-08-05;2023-03-13;5;Redes;Sistemas Ecológicos;24;130;En Progreso;Jorge Martín;65;Junior;Urgente
8173;2022-04-01;2022-12-24;3;Seguridad;Soluciones Tecnológicas;24;164;En Progreso;Jorge Martín;65;Junior;Media
8231;2022-01-23;2022-10-07;3;Hardware;Soluciones Tecnológicas;24;164;En Progreso;Jorge Martín;65;Junior;Media
8296;2022-09-04;2023-05-01;2;Redes;Creatividad y Desarrollo;24;114;En Progreso;Jorge Martín;65;Junior;Baja
8344;2022-02-11;2022-11-16;4;Software;Redes Seguras;48;179;En Progreso;Jorge Martín;65;Junior;Baja
8476;2022-04-13;2022-10-11;4;Redes;Sistemas Ecológicos;24;130;En Progreso;Jorge Martín;65;Junior;Urgente
8603;2022-09-18;2023-06-05;5;Hardware;Visión Futurista;72;196;En Progreso;Jorge Martín;65;Junior;Urgente
8670;2022-03-13;2022-04-26;1;Redes;Soluciones Tecnológicas;24;164;En Progreso;Jorge Martín;65;Junior;Alta
8844;2022-01-15;2022-08-11;1;Hardware;Servicios Globales;36;195;En Progreso;Jorge Martín;65;Junior;Baja
8923;2022-07-17;2023-05-13;3;Seguridad;Sistemas Ecológicos;24;130;En Progreso;Jorge Martín;65;Junior;Media
9169;2022-06-12;2022-12-07;2;Software;Sistemas Ecológicos;24;130;En Progreso;Jorge Martín;65;Junior;Media
9253;2022-07-02;2022-07-27;5;Hardware;Avances Continuos;36;134;En Progreso;Jorge Martín;65;Junior;Baja
9279;2022-06-08;2022-08-24;1;Seguridad;Inteligencia de Datos;72;195;En Progreso;Jorge Martín;65;Junior;Media
9370;2022-12-05;2023-10-26;3;Seguridad;Inteligencia de Datos;72;195;En Progreso;Jorge Martín;65;Junior;Alta
9624;2022-12-01;2023-04-04;5;Software;Sistemas Ecológicos;24;130;En Progreso;Jorge Martín;65;Junior;Media
9650;2022-12-21;2023-11-25;4;Redes;Inteligencia de Datos;72;195;En Progreso;Jorge Martín;65;Junior;Baja
9697;2022-09-18;2023-08-19;1;Software;Creatividad y Desarrollo;24;114;En Progreso;Jorge Martín;65;Junior;Media
9757;2022-05-27;2023-03-02;4;Redes;Redes Seguras;48;179;En Progreso;Jorge Martín;65;Junior;Media
9855;2022-12-12;2023-10-27;1;Seguridad;Sistemas Ecológicos;24;130;En Progreso;Jorge Martín;65;Junior;Urgente
9959;2022-04-04;2022-08-28;2;Software;Inteligencia de Datos;72;195;En Progreso;Jorge Martín;65;Junior;Alta
48;2022-04-20;2022-11-21;2;Seguridad;Creatividad y Desarrollo;24;114;En Progreso;María López;55;Medio;Baja
122;2022-11-22;2023-02-12;5;Seguridad;Innovaciones Creativas;48;156;En Progreso;María López;55;Medio;Baja
164;2022-10-09;2022-11-09;5;Seguridad;Sostenibilidad y Progreso;48;141;En Progreso;María López;55;Medio;Media
326;2022-10-16;2023-07-20;5;Seguridad;Visión Futurista;72;196;En Progreso;María López;55;Medio;Baja
331;2022-12-08;2023-08-12;3;Hardware;Inteligencia de Datos;72;195;En Progreso;María López;55;Medio;Urgente
397;2022-04-13;2022-12-02;2;Hardware;Inteligencia de Datos;72;195;Abierto;María López;55;Medio;Baja
411;2022-12-13;2023-02-08;1;Seguridad;Sistemas Ecológicos;24;130;Cerrado;María López;55;Medio;Baja
461;2022-02-28;2022-03-23;4;Hardware;Sostenibilidad y Progreso;48;141;Cerrado;María López;55;Medio;Alta
497;2022-02-07;2023-01-04;2;Redes;Inteligencia de Datos;72;195;En Progreso;María López;55;Medio;Media
544;2022-10-17;2023-06-29;1;Hardware;Redes Seguras;48;179;Cerrado;María López;55;Medio;Urgente
591;2022-06-09;2023-05-28;5;Software;Sistemas Ecológicos;24;130;Abierto;María López;55;Medio;Urgente
659;2022-10-21;2023-01-17;1;Hardware;Servicios Globales;36;195;Abierto;María López;55;Medio;Urgente
728;2022-06-27;2023-01-25;3;Software;Innovaciones Creativas;48;156;Cerrado;María López;55;Medio;Alta
750;2022-05-02;2023-05-01;5;Redes;Visión Futurista;72;196;Abierto;María López;55;Medio;Media
793;2022-02-09;2022-04-27;3;Software;Servicios Globales;36;195;Cerrado;María López;55;Medio;Media
816;2022-03-16;2022-06-09;1;Redes;Creatividad y Desarrollo;24;114;Abierto;María López;55;Medio;Baja
836;2022-06-18;2022-09-15;5;Redes;Sostenibilidad y Progreso;48;141;Abierto;María López;55;Medio;Media
1044;2022-05-22;2022-10-29;5;Software;Soluciones Tecnológicas;24;164;Abierto;María López;55;Medio;Baja
1065;2022-03-10;2022-05-04;5;Software;Visión Futurista;72;196;Abierto;María López;55;Medio;Urgente
1076;2022-03-31;2023-02-05;1;Redes;Innovaciones Creativas;48;156;Abierto;María López;55;Medio;Urgente
1164;2022-03-24;2022-07-07;5;Redes;Servicios Globales;36;195;Abierto;María López;55;Medio;Media
1169;2022-09-09;2023-07-07;3;Redes;Servicios Globales;36;195;En Progreso;María López;55;Medio;Media
1197;2022-05-25;2023-01-11;2;Seguridad;Creatividad y Desarrollo;24;114;Abierto;María López;55;Medio;Baja
1274;2022-12-13;2023-09-23;1;Redes;Redes Seguras;48;179;Cerrado;María López;55;Medio;Baja
1288;2022-03-24;2022-07-04;3;Redes;Soluciones Tecnológicas;24;164;Abierto;María López;55;Medio;Urgente
1418;2022-08-15;2023-04-22;3;Hardware;Servicios Globales;36;195;Abierto;María López;55;Medio;Urgente
1463;2022-02-16;2022-05-23;2;Hardware;Inteligencia de Datos;72;195;Abierto;María López;55;Medio;Media
1480;2022-09-16;2023-04-10;4;Seguridad;Soluciones Tecnológicas;24;164;Abierto;María López;55;Medio;Urgente
1489;2022-09-21;2022-11-02;4;Seguridad;Servicios Globales;36;195;Abierto;María López;55;Medio;Baja
1569;2022-12-21;2023-08-20;1;Redes;Servicios Globales;36;195;Abierto;María López;55;Medio;Urgente
1614;2022-07-09;2023-05-23;4;Redes;Servicios Globales;36;195;Cerrado;María López;55;Medio;Urgente
1615;2022-01-07;2022-11-26;3;Hardware;Innovaciones Creativas;48;156;Cerrado;María López;55;Medio;Baja
1631;2022-07-02;2022-07-13;4;Software;Redes Seguras;48;179;Cerrado;María López;55;Medio;Media
1635;2022-08-30;2023-01-28;5;Redes;Visión Futurista;72;196;Cerrado;María López;55;Medio;Alta
1637;2022-08-30;2022-12-15;3;Redes;Avances Continuos;36;134;Abierto;María López;55;Medio;Alta
1648;2022-11-29;2023-11-11;2;Software;Redes Seguras;48;179;Abierto;María López;55;Medio;Alta
1672;2022-04-05;2022-12-01;5;Seguridad;Innovaciones Creativas;48;156;Abierto;María López;55;Medio;Media
1674;2022-11-20;2022-12-26;1;Redes;Avances Continuos;36;134;Abierto;María López;55;Medio;Urgente
1693;2022-05-15;2022-05-16;5;Software;Creatividad y Desarrollo;24;114;Cerrado;María López;55;Medio;Baja
1712;2022-09-15;2023-01-10;3;Redes;Innovaciones Creativas;48;156;Cerrado;María López;55;Medio;Baja
1715;2022-07-04;2022-10-01;5;Seguridad;Sostenibilidad y Progreso;48;141;En Progreso;María López;55;Medio;Alta
1737;2022-02-01;2022-03-15;5;Hardware;Redes Seguras;48;179;En Progreso;María López;55;Medio;Urgente
1746;2022-05-28;2023-04-14;4;Seguridad;Visión Futurista;72;196;En Progreso;María López;55;Medio;Urgente
1748;2022-08-04;2023-02-20;3;Software;Sostenibilidad y Progreso;48;141;Cerrado;María López;55;Medio;Baja
1768;2022-04-28;2022-09-10;1;Seguridad;Inteligencia de Datos;72;195;Cerrado;María López;55;Medio;Media
1801;2022-06-17;2022-07-18;1;Hardware;Avances Continuos;36;134;Cerrado;María López;55;Medio;Media
1802;2022-07-04;2022-09-23;3;Software;Sostenibilidad y Progreso;48;141;En Progreso;María López;55;Medio;Urgente
1926;2022-12-18;2023-11-07;1;Seguridad;Innovaciones Creativas;48;156;Abierto;María López;55;Medio;Media
1970;2022-05-16;2023-01-12;5;Hardware;Sostenibilidad y Progreso;48;141;Abierto;María López;55;Medio;Baja
2012;2022-05-11;2023-01-11;2;Seguridad;Creatividad y Desarrollo;24;114;Abierto;María López;55;Medio;Media
2063;2022-11-28;2023-06-26;3;Software;Visión Futurista;72;196;Cerrado;María López;55;Medio;Media
2098;2022-01-13;2022-10-02;2;Seguridad;Soluciones Tecnológicas;24;164;En Progreso;María López;55;Medio;Alta
2104;2022-10-21;2022-11-08;2;Software;Creatividad y Desarrollo;24;114;Abierto;María López;55;Medio;Baja
2118;2022-02-19;2022-11-30;5;Redes;Servicios Globales;36;195;Cerrado;María López;55;Medio;Alta
2153;2022-08-25;2022-10-03;1;Software;Visión Futurista;72;196;Cerrado;María López;55;Medio;Alta
2157;2022-07-30;2023-04-25;5;Software;Servicios Globales;36;195;En Progreso;María López;55;Medio;Alta
2324;2022-02-14;2022-10-15;5;Redes;Creatividad y Desarrollo;24;114;Cerrado;María López;55;Medio;Baja
2335;2022-02-08;2022-11-26;2;Software;Redes Seguras;48;179;Cerrado;María López;55;Medio;Alta
2379;2022-01-07;2022-04-24;3;Redes;Sostenibilidad y Progreso;48;141;Cerrado;María López;55;Medio;Baja
2383;2022-01-18;2022-01-31;5;Redes;Inteligencia de Datos;72;195;Abierto;María López;55;Medio;Media
2447;2022-09-20;2022-10-04;5;Redes;Creatividad y Desarrollo;24;114;En Progreso;María López;55;Medio;Urgente
2469;2022-02-16;2022-06-20;3;Hardware;Innovaciones Creativas;48;156;En Progreso;María López;55;Medio;Alta
2495;2022-03-30;2023-03-16;3;Hardware;Creatividad y Desarrollo;24;114;En Progreso;María López;55;Medio;Media
2497;2022-03-30;2022-05-09;5;Hardware;Inteligencia de Datos;72;195;Abierto;María López;55;Medio;Baja
2544;2022-01-13;2022-11-11;1;Redes;Avances Continuos;36;134;En Progreso;María López;55;Medio;Media
2596;2022-11-06;2023-07-08;4;Software;Redes Seguras;48;179;Abierto;María López;55;Medio;Media
2693;2022-02-08;2022-03-03;1;Software;Soluciones Tecnológicas;24;164;Cerrado;María López;55;Medio;Media
2775;2022-12-16;2023-11-14;5;Hardware;Soluciones Tecnológicas;24;164;En Progreso;María López;55;Medio;Urgente
2824;2022-08-28;2023-05-18;5;Hardware;Redes Seguras;48;179;Cerrado;María López;55;Medio;Alta
2871;2022-03-19;2022-12-25;1;Hardware;Innovaciones Creativas;48;156;Cerrado;María López;55;Medio;Urgente
2876;2022-09-11;2023-01-31;4;Seguridad;Visión Futurista;72;196;Cerrado;María López;55;Medio;Urgente
2913;2022-06-14;2023-02-16;3;Software;Visión Futurista;72;196;Cerrado;María López;55;Medio;Baja
2947;2022-08-23;2023-05-04;5;Redes;Soluciones Tecnológicas;24;164;En Progreso;María López;55;Medio;Media
2976;2022-12-27;2023-07-25;3;Redes;Sostenibilidad y Progreso;48;141;Abierto;María López;55;Medio;Alta
3096;2022-09-07;2022-12-29;3;Hardware;Avances Continuos;36;134;Cerrado;María López;55;Medio;Media
3109;2022-04-16;2022-05-15;2;Software;Sostenibilidad y Progreso;48;141;Abierto;María López;55;Medio;Urgente
3117;2022-12-25;2023-01-22;4;Seguridad;Sistemas Ecológicos;24;130;Cerrado;María López;55;Medio;Alta
3138;2022-08-06;2023-04-10;2;Seguridad;Visión Futurista;72;196;En Progreso;María López;55;Medio;Urgente
3153;2022-06-06;2023-04-01;2;Seguridad;Servicios Globales;36;195;En Progreso;María López;55;Medio;Media
3198;2022-03-30;2022-10-31;3;Software;Redes Seguras;48;179;En Progreso;María López;55;Medio;Media
3284;2022-01-18;2022-06-04;3;Redes;Soluciones Tecnológicas;24;164;Abierto;María López;55;Medio;Alta
3306;2022-03-27;2022-08-31;1;Seguridad;Creatividad y Desarrollo;24;114;Abierto;María López;55;Medio;Alta
3356;2022-08-16;2022-08-31;1;Software;Sistemas Ecológicos;24;130;Abierto;María López;55;Medio;Urgente
3418;2022-07-21;2023-01-27;5;Redes;Soluciones Tecnológicas;24;164;Abierto;María López;55;Medio;Baja
3518;2022-02-25;2022-04-17;5;Redes;Inteligencia de Datos;72;195;Abierto;María López;55;Medio;Media
3537;2022-11-09;2023-08-25;4;Software;Innovaciones Creativas;48;156;Cerrado;María López;55;Medio;Media
3540;2022-06-01;2023-01-28;2;Redes;Visión Futurista;72;196;Cerrado;María López;55;Medio;Alta
3564;2022-06-21;2022-10-11;1;Software;Avances Continuos;36;134;Cerrado;María López;55;Medio;Alta
3724;2022-03-29;2022-12-08;1;Redes;Sistemas Ecológicos;24;130;Cerrado;María López;55;Medio;Baja
3782;2022-10-23;2023-01-31;2;Seguridad;Avances Continuos;36;134;En Progreso;María López;55;Medio;Alta
3941;2022-05-12;2022-05-14;1;Seguridad;Soluciones Tecnológicas;24;164;En Progreso;María López;55;Medio;Alta
3956;2022-05-19;2022-10-27;1;Software;Inteligencia de Datos;72;195;Cerrado;María López;55;Medio;Media
3969;2022-04-27;2022-08-10;4;Seguridad;Innovaciones Creativas;48;156;Cerrado;María López;55;Medio;Alta
3985;2022-01-23;2022-10-12;5;Seguridad;Redes Seguras;48;179;Cerrado;María López;55;Medio;Media
3988;2022-12-03;2022-12-31;5;Seguridad;Sostenibilidad y Progreso;48;141;Abierto;María López;55;Medio;Media
4007;2022-01-09;2022-04-01;1;Hardware;Soluciones Tecnológicas;24;164;Abierto;María López;55;Medio;Media
4220;2022-09-19;2022-12-02;2;Redes;Redes Seguras;48;179;En Progreso;María López;55;Medio;Alta
4232;2022-06-09;2023-05-21;3;Seguridad;Servicios Globales;36;195;Abierto;María López;55;Medio;Media
4247;2022-10-11;2023-04-26;3;Redes;Soluciones Tecnológicas;24;164;En Progreso;María López;55;Medio;Alta
4269;2022-12-18;2023-05-12;2;Redes;Inteligencia de Datos;72;195;En Progreso;María López;55;Medio;Baja
4286;2022-01-29;2022-11-15;4;Redes;Inteligencia de Datos;72;195;Cerrado;María López;55;Medio;Alta
4309;2022-02-16;2022-09-11;3;Software;Sistemas Ecológicos;24;130;En Progreso;María López;55;Medio;Alta
4367;2022-10-27;2022-11-15;1;Software;Servicios Globales;36;195;En Progreso;María López;55;Medio;Baja
4400;2022-11-30;2023-07-11;4;Seguridad;Creatividad y Desarrollo;24;114;Cerrado;María López;55;Medio;Baja
4405;2022-01-26;2022-05-08;1;Seguridad;Servicios Globales;36;195;Cerrado;María López;55;Medio;Urgente
4411;2022-01-06;2022-03-17;2;Redes;Soluciones Tecnológicas;24;164;Cerrado;María López;55;Medio;Media
4421;2022-08-20;2023-01-13;2;Redes;Visión Futurista;72;196;Abierto;María López;55;Medio;Urgente
4478;2022-09-14;2023-08-11;3;Hardware;Servicios Globales;36;195;En Progreso;María López;55;Medio;Baja
4525;2022-05-30;2023-04-16;1;Seguridad;Visión Futurista;72;196;Cerrado;María López;55;Medio;Baja
4575;2022-10-16;2023-03-22;3;Redes;Servicios Globales;36;195;Cerrado;María López;55;Medio;Alta
4600;2022-08-03;2023-01-08;5;Hardware;Redes Seguras;48;179;En Progreso;María López;55;Medio;Media
4649;2022-08-04;2023-07-20;2;Hardware;Visión Futurista;72;196;En Progreso;María López;55;Medio;Alta
4656;2022-08-19;2022-12-18;5;Software;Sostenibilidad y Progreso;48;141;Abierto;María López;55;Medio;Baja
4713;2022-12-07;2023-02-01;4;Hardware;Avances Continuos;36;134;En Progreso;María López;55;Medio;Urgente
4766;2022-05-07;2022-09-22;4;Hardware;Redes Seguras;48;179;En Progreso;María López;55;Medio;Media
4842;2022-07-05;2023-06-02;2;Software;Sistemas Ecológicos;24;130;Abierto;María López;55;Medio;Urgente
4943;2022-01-11;2022-01-18;3;Seguridad;Creatividad y Desarrollo;24;114;Cerrado;María López;55;Medio;Urgente
4958;2022-04-09;2023-01-03;1;Redes;Visión Futurista;72;196;Abierto;María López;55;Medio;Baja
4993;2022-07-13;2022-11-11;1;Redes;Creatividad y Desarrollo;24;114;Cerrado;María López;55;Medio;Alta
5077;2022-11-21;2023-02-08;4;Hardware;Sistemas Ecológicos;24;130;Cerrado;María López;55;Medio;Media
5082;2022-09-07;2022-12-28;4;Redes;Avances Continuos;36;134;Cerrado;María López;55;Medio;Media
5084;2022-04-24;2022-10-06;4;Seguridad;Inteligencia de Datos;72;195;Cerrado;María López;55;Medio;Media
5096;2022-06-30;2022-08-27;2;Software;Sistemas Ecológicos;24;130;Cerrado;María López;55;Medio;Baja
5232;2022-05-12;2022-09-24;3;Redes;Creatividad y Desarrollo;24;114;En Progreso;María López;55;Medio;Alta
5236;2022-01-02;2022-11-10;5;Seguridad;Inteligencia de Datos;72;195;Cerrado;María López;55;Medio;Alta
5285;2022-06-15;2022-09-23;2;Redes;Servicios Globales;36;195;Cerrado;María López;55;Medio;Urgente
5344;2022-05-01;2022-07-28;3;Redes;Innovaciones Creativas;48;156;En Progreso;María López;55;Medio;Media
5363;2022-05-24;2022-11-27;5;Redes;Servicios Globales;36;195;Cerrado;María López;55;Medio;Baja
5391;2022-05-19;2022-09-18;3;Seguridad;Sostenibilidad y Progreso;48;141;En Progreso;María López;55;Medio;Urgente
5404;2022-01-01;2022-10-25;1;Redes;Soluciones Tecnológicas;24;164;Cerrado;María López;55;Medio;Urgente
5477;2022-09-30;2023-01-04;5;Seguridad;Inteligencia de Datos;72;195;Cerrado;María López;55;Medio;Baja
5611;2022-11-14;2023-01-16;1;Hardware;Servicios Globales;36;195;En Progreso;María López;55;Medio;Alta
5638;2022-08-10;2022-12-22;4;Seguridad;Sostenibilidad y Progreso;48;141;En Progreso;María López;55;Medio;Baja
5656;2022-09-26;2023-02-13;5;Redes;Creatividad y Desarrollo;24;114;Abierto;María López;55;Medio;Alta
5670;2022-03-06;2022-11-30;4;Software;Soluciones Tecnológicas;24;164;Cerrado;María López;55;Medio;Alta
5811;2022-10-12;2022-12-24;4;Hardware;Redes Seguras;48;179;En Progreso;María López;55;Medio;Baja
5891;2022-10-01;2023-08-06;3;Software;Inteligencia de Datos;72;195;Abierto;María López;55;Medio;Media
5906;2022-04-26;2022-07-18;1;Seguridad;Sistemas Ecológicos;24;130;En Progreso;María López;55;Medio;Urgente
5948;2022-08-04;2022-10-18;4;Redes;Innovaciones Creativas;48;156;En Progreso;María López;55;Medio;Media
5959;2022-09-13;2023-09-03;3;Seguridad;Avances Continuos;36;134;En Progreso;María López;55;Medio;Alta
6031;2022-07-09;2023-01-25;4;Hardware;Inteligencia de Datos;72;195;Cerrado;María López;55;Medio;Media
6032;2022-12-13;2023-12-01;1;Hardware;Sostenibilidad y Progreso;48;141;En Progreso;María López;55;Medio;Media
6040;2022-08-20;2023-07-20;4;Seguridad;Servicios Globales;36;195;Cerrado;María López;55;Medio;Media
6101;2022-11-20;2023-02-18;5;Seguridad;Visión Futurista;72;196;En Progreso;María López;55;Medio;Urgente
6106;2022-11-28;2023-09-15;4;Redes;Redes Seguras;48;179;Cerrado;María López;55;Medio;Alta
6139;2022-04-23;2022-09-22;5;Hardware;Innovaciones Creativas;48;156;En Progreso;María López;55;Medio;Media
6194;2022-09-01;2022-12-16;5;Redes;Sostenibilidad y Progreso;48;141;En Progreso;María López;55;Medio;Alta
6251;2022-12-15;2023-07-19;5;Software;Inteligencia de Datos;72;195;En Progreso;María López;55;Medio;Urgente
6260;2022-12-27;2023-02-22;4;Seguridad;Soluciones Tecnológicas;24;164;Cerrado;María López;55;Medio;Baja
6263;2022-09-20;2022-12-13;4;Software;Avances Continuos;36;134;Abierto;María López;55;Medio;Baja
6282;2022-08-30;2023-04-29;5;Seguridad;Sistemas Ecológicos;24;130;Cerrado;María López;55;Medio;Urgente
6346;2022-07-07;2023-05-29;3;Redes;Visión Futurista;72;196;Abierto;María López;55;Medio;Baja
6407;2022-04-20;2022-12-04;4;Software;Servicios Globales;36;195;Abierto;María López;55;Medio;Media
6416;2022-12-29;2023-02-20;4;Software;Sostenibilidad y Progreso;48;141;Cerrado;María López;55;Medio;Urgente
6445;2022-02-26;2023-01-07;5;Redes;Sostenibilidad y Progreso;48;141;Abierto;María López;55;Medio;Alta
6450;2022-07-26;2023-03-17;3;Hardware;Innovaciones Creativas;48;156;Abierto;María López;55;Medio;Alta
6515;2022-11-04;2022-11-18;1;Software;Creatividad y Desarrollo;24;114;Cerrado;María López;55;Medio;Baja
6537;2022-07-02;2022-07-27;3;Seguridad;Inteligencia de Datos;72;195;Abierto;María López;55;Medio;Media
6566;2022-06-23;2022-10-27;4;Redes;Redes Seguras;48;179;En Progreso;María López;55;Medio;Urgente
6683;2022-04-11;2022-11-26;1;Seguridad;Visión Futurista;72;196;Abierto;María López;55;Medio;Media
6740;2022-12-27;2023-02-13;1;Redes;Inteligencia de Datos;72;195;Cerrado;María López;55;Medio;Baja
6743;2022-05-31;2023-03-21;1;Seguridad;Visión Futurista;72;196;En Progreso;María López;55;Medio;Media
6769;2022-09-15;2022-12-13;1;Seguridad;Sostenibilidad y Progreso;48;141;Cerrado;María López;55;Medio;Media
6793;2022-05-02;2022-10-07;2;Seguridad;Sistemas Ecológicos;24;130;Abierto;María López;55;Medio;Baja
6881;2022-12-02;2023-01-01;4;Hardware;Sistemas Ecológicos;24;130;En Progreso;María López;55;Medio;Baja
6883;2022-10-21;2023-02-20;5;Software;Sistemas Ecológicos;24;130;Abierto;María López;55;Medio;Urgente
6920;2022-09-19;2023-07-05;4;Hardware;Sostenibilidad y Progreso;48;141;Cerrado;María López;55;Medio;Urgente
6942;2022-06-07;2022-11-06;5;Seguridad;Sistemas Ecológicos;24;130;En Progreso;María López;55;Medio;Alta
6970;2022-01-04;2022-11-29;3;Hardware;Servicios Globales;36;195;Abierto;María López;55;Medio;Alta
6996;2022-03-20;2022-12-07;5;Software;Creatividad y Desarrollo;24;114;Cerrado;María López;55;Medio;Urgente
7102;2022-03-26;2022-06-30;5;Software;Creatividad y Desarrollo;24;114;Cerrado;María López;55;Medio;Alta
7123;2022-06-07;2022-12-13;5;Software;Visión Futurista;72;196;Cerrado;María López;55;Medio;Media
7142;2022-02-18;2022-07-22;3;Software;Servicios Globales;36;195;En Progreso;María López;55;Medio;Urgente
7143;2022-05-20;2022-06-20;1;Hardware;Innovaciones Creativas;48;156;En Progreso;María López;55;Medio;Baja
7157;2022-11-01;2023-01-29;1;Hardware;Sostenibilidad y Progreso;48;141;Cerrado;María López;55;Medio;Urgente
7161;2022-02-12;2022-03-28;4;Redes;Innovaciones Creativas;48;156;Abierto;María López;55;Medio;Media
7177;2022-10-28;2023-03-07;2;Seguridad;Sistemas Ecológicos;24;130;Abierto;María López;55;Medio;Alta
7178;2022-03-14;2022-08-04;3;Software;Redes Seguras;48;179;Abierto;María López;55;Medio;Alta
7205;2022-12-10;2022-12-25;1;Seguridad;Avances Continuos;36;134;Cerrado;María López;55;Medio;Alta
7217;2022-03-11;2022-03-16;3;Hardware;Sostenibilidad y Progreso;48;141;Cerrado;María López;55;Medio;Urgente
7218;2022-11-07;2022-12-02;3;Redes;Visión Futurista;72;196;Abierto;María López;55;Medio;Alta
7252;2022-10-17;2023-01-31;3;Hardware;Servicios Globales;36;195;En Progreso;María López;55;Medio;Media
7307;2022-09-08;2022-09-22;2;Redes;Sostenibilidad y Progreso;48;141;En Progreso;María López;55;Medio;Baja
7352;2022-10-05;2023-06-08;4;Hardware;Servicios Globales;36;195;Abierto;María López;55;Medio;Alta
7374;2022-08-07;2023-07-25;4;Software;Innovaciones Creativas;48;156;Cerrado;María López;55;Medio;Media
7684;2022-04-01;2022-11-09;5;Redes;Soluciones Tecnológicas;24;164;Abierto;María López;55;Medio;Media
7773;2022-09-18;2023-04-09;4;Software;Soluciones Tecnológicas;24;164;En Progreso;María López;55;Medio;Urgente
7826;2022-12-16;2023-07-13;5;Redes;Servicios Globales;36;195;En Progreso;María López;55;Medio;Media
7843;2022-12-25;2023-05-11;5;Redes;Servicios Globales;36;195;Cerrado;María López;55;Medio;Media
7892;2022-01-12;2022-11-02;4;Redes;Sistemas Ecológicos;24;130;En Progreso;María López;55;Medio;Alta
7929;2022-09-19;2023-04-19;5;Redes;Sostenibilidad y Progreso;48;141;Cerrado;María López;55;Medio;Alta
8017;2022-05-02;2023-01-06;4;Seguridad;Inteligencia de Datos;72;195;Cerrado;María López;55;Medio;Urgente
8193;2022-01-24;2022-09-28;2;Seguridad;Creatividad y Desarrollo;24;114;En Progreso;María López;55;Medio;Urgente
8244;2022-08-11;2022-09-03;4;Redes;Inteligencia de Datos;72;195;Abierto;María López;55;Medio;Baja
8248;2022-09-11;2023-05-01;4;Software;Soluciones Tecnológicas;24;164;En Progreso;María López;55;Medio;Media
8271;2022-11-18;2023-04-17;3;Redes;Avances Continuos;36;134;Cerrado;María López;55;Medio;Alta
8299;2022-03-22;2022-08-16;2;Seguridad;Redes Seguras;48;179;En Progreso;María López;55;Medio;Alta
8323;2022-09-12;2022-11-08;3;Redes;Innovaciones Creativas;48;156;En Progreso;María López;55;Medio;Baja
8365;2022-12-31;2023-03-07;3;Redes;Inteligencia de Datos;72;195;Cerrado;María López;55;Medio;Media
8376;2022-03-01;2022-09-16;4;Software;Sistemas Ecológicos;24;130;Abierto;María López;55;Medio;Alta
8379;2022-03-08;2022-10-13;2;Hardware;Inteligencia de Datos;72;195;Cerrado;María López;55;Medio;Media
8402;2022-02-12;2022-12-03;3;Seguridad;Soluciones Tecnológicas;24;164;Cerrado;María López;55;Medio;Media
8405;2022-08-01;2022-10-04;2;Software;Inteligencia de Datos;72;195;Abierto;María López;55;Medio;Baja
8455;2022-08-01;2022-08-25;4;Hardware;Soluciones Tecnológicas;24;164;Cerrado;María López;55;Medio;Urgente
8508;2022-06-17;2023-01-06;1;Software;Soluciones Tecnológicas;24;164;Abierto;María López;55;Medio;Urgente
8555;2022-11-15;2023-09-22;3;Hardware;Avances Continuos;36;134;Cerrado;María López;55;Medio;Baja
8625;2022-01-26;2022-05-15;3;Hardware;Visión Futurista;72;196;Abierto;María López;55;Medio;Baja
8654;2022-04-21;2022-07-16;2;Software;Soluciones Tecnológicas;24;164;Cerrado;María López;55;Medio;Alta
8724;2022-07-14;2023-05-14;1;Hardware;Innovaciones Creativas;48;156;En Progreso;María López;55;Medio;Urgente
8748;2022-03-28;2022-10-17;5;Seguridad;Sistemas Ecológicos;24;130;Cerrado;María López;55;Medio;Urgente
8763;2022-06-23;2022-11-12;3;Redes;Redes Seguras;48;179;Cerrado;María López;55;Medio;Baja
8791;2022-08-25;2023-08-21;2;Hardware;Servicios Globales;36;195;En Progreso;María López;55;Medio;Alta
8824;2022-04-29;2022-11-06;4;Redes;Innovaciones Creativas;48;156;Cerrado;María López;55;Medio;Media
8837;2022-04-23;2023-02-11;2;Seguridad;Sistemas Ecológicos;24;130;Cerrado;María López;55;Medio;Media
9035;2022-06-18;2022-11-10;1;Hardware;Avances Continuos;36;134;En Progreso;María López;55;Medio;Urgente
9045;2022-05-04;2022-10-26;2;Seguridad;Innovaciones Creativas;48;156;Abierto;María López;55;Medio;Baja
9068;2022-10-01;2023-09-23;5;Software;Sostenibilidad y Progreso;48;141;Abierto;María López;55;Medio;Media
9117;2022-12-11;2023-04-08;3;Redes;Creatividad y Desarrollo;24;114;Cerrado;María López;55;Medio;Baja
9261;2022-04-18;2022-06-22;4;Redes;Redes Seguras;48;179;Cerrado;María López;55;Medio;Alta
9351;2022-07-10;2022-12-26;3;Hardware;Inteligencia de Datos;72;195;En Progreso;María López;55;Medio;Urgente
9421;2022-08-29;2022-11-13;4;Hardware;Soluciones Tecnológicas;24;164;En Progreso;María López;55;Medio;Alta
9443;2022-08-23;2022-11-04;3;Redes;Sistemas Ecológicos;24;130;Abierto;María López;55;Medio;Urgente
9491;2022-09-20;2023-07-14;2;Seguridad;Creatividad y Desarrollo;24;114;Abierto;María López;55;Medio;Media
9572;2022-06-23;2023-03-25;4;Hardware;Redes Seguras;48;179;Abierto;María López;55;Medio;Media
9604;2022-03-08;2022-09-29;3;Seguridad;Sostenibilidad y Progreso;48;141;En Progreso;María López;55;Medio;Alta
9621;2022-10-13;2023-02-18;5;Seguridad;Innovaciones Creativas;48;156;Cerrado;María López;55;Medio;Alta
9711;2022-11-09;2023-08-18;2;Software;Redes Seguras;48;179;En Progreso;María López;55;Medio;Media
9719;2022-06-08;2023-03-06;4;Redes;Redes Seguras;48;179;Cerrado;María López;55;Medio;Alta
9725;2022-03-12;2022-08-23;4;Redes;Sostenibilidad y Progreso;48;141;Cerrado;María López;55;Medio;Media
9727;2022-05-11;2023-03-18;3;Hardware;Sistemas Ecológicos;24;130;Abierto;María López;55;Medio;Alta
9819;2022-07-01;2022-08-11;2;Software;Sistemas Ecológicos;24;130;Cerrado;María López;55;Medio;Alta
9896;2022-06-11;2022-10-05;3;Hardware;Inteligencia de Datos;72;195;Cerrado;María López;55;Medio;Baja
3;2022-05-10;2023-03-13;5;Software;Servicios Globales;36;195;En Progreso;Ana Ruiz;50;Senior;Media
32;2022-05-06;2022-05-20;4;Seguridad;Soluciones Tecnológicas;24;164;Cerrado;Ana Ruiz;50;Senior;Urgente
99;2022-11-30;2023-08-28;3;Hardware;Servicios Globales;36;195;En Progreso;Ana Ruiz;50;Senior;Urgente
142;2022-11-04;2023-10-09;1;Software;Servicios Globales;36;195;Cerrado;Ana Ruiz;50;Senior;Baja
220;2022-02-05;2022-08-02;3;Hardware;Servicios Globales;36;195;En Progreso;Ana Ruiz;50;Senior;Media
223;2022-06-02;2022-10-19;1;Hardware;Visión Futurista;72;196;Abierto;Ana Ruiz;50;Senior;Baja
237;2022-08-12;2023-01-19;2;Seguridad;Sostenibilidad y Progreso;48;141;Cerrado;Ana Ruiz;50;Senior;Urgente
244;2022-07-17;2022-12-23;4;Redes;Sistemas Ecológicos;24;130;Abierto;Ana Ruiz;50;Senior;Baja
260;2022-06-15;2023-06-06;3;Hardware;Soluciones Tecnológicas;24;164;Abierto;Ana Ruiz;50;Senior;Urgente
291;2022-04-01;2022-11-22;4;Seguridad;Avances Continuos;36;134;Cerrado;Ana Ruiz;50;Senior;Urgente
341;2022-11-26;2023-05-06;5;Seguridad;Inteligencia de Datos;72;195;En Progreso;Ana Ruiz;50;Senior;Alta
378;2022-01-28;2022-12-15;1;Software;Inteligencia de Datos;72;195;En Progreso;Ana Ruiz;50;Senior;Baja
412;2022-09-29;2023-09-06;3;Hardware;Visión Futurista;72;196;Abierto;Ana Ruiz;50;Senior;Media
450;2022-03-12;2022-11-28;1;Seguridad;Avances Continuos;36;134;En Progreso;Ana Ruiz;50;Senior;Media
477;2022-10-08;2023-01-11;4;Seguridad;Creatividad y Desarrollo;24;114;Abierto;Ana Ruiz;50;Senior;Urgente
562;2022-05-16;2022-10-26;4;Hardware;Creatividad y Desarrollo;24;114;Cerrado;Ana Ruiz;50;Senior;Urgente
571;2022-11-08;2022-12-11;4;Software;Servicios Globales;36;195;Abierto;Ana Ruiz;50;Senior;Baja
585;2022-06-03;2022-07-17;5;Software;Sistemas Ecológicos;24;130;Cerrado;Ana Ruiz;50;Senior;Urgente
651;2022-01-23;2022-02-27;3;Redes;Redes Seguras;48;179;En Progreso;Ana Ruiz;50;Senior;Baja
668;2022-07-17;2023-06-25;3;Redes;Visión Futurista;72;196;Cerrado;Ana Ruiz;50;Senior;Urgente
676;2022-03-25;2022-09-09;3;Software;Avances Continuos;36;134;Cerrado;Ana Ruiz;50;Senior;Urgente
741;2022-10-25;2023-03-12;4;Software;Servicios Globales;36;195;En Progreso;Ana Ruiz;50;Senior;Alta
755;2022-03-05;2022-03-17;1;Software;Sostenibilidad y Progreso;48;141;Cerrado;Ana Ruiz;50;Senior;Urgente
769;2022-09-23;2022-12-18;3;Redes;Redes Seguras;48;179;Abierto;Ana Ruiz;50;Senior;Alta
815;2022-01-07;2022-10-08;1;Software;Sistemas Ecológicos;24;130;Abierto;Ana Ruiz;50;Senior;Baja
829;2022-10-16;2023-03-15;2;Seguridad;Sostenibilidad y Progreso;48;141;En Progreso;Ana Ruiz;50;Senior;Urgente
920;2022-01-19;2022-05-07;1;Redes;Redes Seguras;48;179;En Progreso;Ana Ruiz;50;Senior;Media
973;2022-06-17;2022-12-23;2;Software;Avances Continuos;36;134;Cerrado;Ana Ruiz;50;Senior;Urgente
988;2022-05-30;2022-10-05;4;Seguridad;Sostenibilidad y Progreso;48;141;En Progreso;Ana Ruiz;50;Senior;Baja
1015;2022-04-24;2023-01-29;4;Redes;Soluciones Tecnológicas;24;164;En Progreso;Ana Ruiz;50;Senior;Baja
1047;2022-03-08;2022-03-16;3;Seguridad;Innovaciones Creativas;48;156;Abierto;Ana Ruiz;50;Senior;Media
1067;2022-11-12;2023-09-22;2;Seguridad;Creatividad y Desarrollo;24;114;En Progreso;Ana Ruiz;50;Senior;Baja
1121;2022-01-24;2022-06-22;1;Hardware;Inteligencia de Datos;72;195;Abierto;Ana Ruiz;50;Senior;Media
1133;2022-03-25;2022-05-16;3;Software;Sistemas Ecológicos;24;130;Abierto;Ana Ruiz;50;Senior;Urgente
1143;2022-09-19;2022-11-10;4;Redes;Inteligencia de Datos;72;195;Cerrado;Ana Ruiz;50;Senior;Media
1148;2022-10-04;2023-06-16;1;Redes;Servicios Globales;36;195;Cerrado;Ana Ruiz;50;Senior;Urgente
1255;2022-04-10;2022-07-05;1;Software;Innovaciones Creativas;48;156;Abierto;Ana Ruiz;50;Senior;Baja
1257;2022-07-13;2023-02-24;5;Hardware;Sistemas Ecológicos;24;130;Cerrado;Ana Ruiz;50;Senior;Alta
1296;2022-04-02;2022-12-15;4;Hardware;Inteligencia de Datos;72;195;En Progreso;Ana Ruiz;50;Senior;Alta
1310;2022-03-25;2022-04-13;4;Software;Sostenibilidad y Progreso;48;141;Abierto;Ana Ruiz;50;Senior;Media
1325;2022-12-12;2023-08-01;2;Seguridad;Soluciones Tecnológicas;24;164;Cerrado;Ana Ruiz;50;Senior;Alta
1364;2022-07-22;2022-09-06;5;Redes;Redes Seguras;48;179;Cerrado;Ana Ruiz;50;Senior;Urgente
1410;2022-01-27;2022-06-04;1;Seguridad;Innovaciones Creativas;48;156;Abierto;Ana Ruiz;50;Senior;Media
1476;2022-04-06;2022-04-23;1;Redes;Servicios Globales;36;195;En Progreso;Ana Ruiz;50;Senior;Baja
1505;2022-07-09;2023-05-15;5;Hardware;Visión Futurista;72;196;En Progreso;Ana Ruiz;50;Senior;Alta
1520;2022-01-28;2022-11-27;4;Hardware;Sostenibilidad y Progreso;48;141;Abierto;Ana Ruiz;50;Senior;Urgente
1573;2022-02-10;2022-03-03;1;Redes;Avances Continuos;36;134;Cerrado;Ana Ruiz;50;Senior;Baja
1609;2022-08-09;2022-09-25;4;Redes;Sistemas Ecológicos;24;130;Cerrado;Ana Ruiz;50;Senior;Urgente
1752;2022-01-07;2022-12-24;1;Hardware;Innovaciones Creativas;48;156;Cerrado;Ana Ruiz;50;Senior;Urgente
1759;2022-06-05;2022-09-04;2;Redes;Inteligencia de Datos;72;195;Cerrado;Ana Ruiz;50;Senior;Media
1760;2022-03-07;2022-09-14;1;Seguridad;Sostenibilidad y Progreso;48;141;En Progreso;Ana Ruiz;50;Senior;Alta
1782;2022-10-05;2022-11-28;1;Software;Sostenibilidad y Progreso;48;141;Abierto;Ana Ruiz;50;Senior;Baja
1812;2022-08-13;2023-03-31;5;Seguridad;Servicios Globales;36;195;En Progreso;Ana Ruiz;50;Senior;Alta
1857;2022-07-06;2023-03-18;2;Redes;Sostenibilidad y Progreso;48;141;Abierto;Ana Ruiz;50;Senior;Urgente
1873;2022-02-12;2023-01-19;3;Software;Avances Continuos;36;134;Abierto;Ana Ruiz;50;Senior;Baja
1941;2022-03-15;2023-03-03;2;Seguridad;Sostenibilidad y Progreso;48;141;En Progreso;Ana Ruiz;50;Senior;Baja
2136;2022-04-01;2022-04-23;5;Hardware;Servicios Globales;36;195;En Progreso;Ana Ruiz;50;Senior;Alta
2191;2022-03-03;2022-07-26;2;Software;Sistemas Ecológicos;24;130;En Progreso;Ana Ruiz;50;Senior;Alta
2238;2022-06-05;2023-05-16;4;Seguridad;Servicios Globales;36;195;Abierto;Ana Ruiz;50;Senior;Media
2357;2022-09-06;2022-11-22;2;Seguridad;Sistemas Ecológicos;24;130;Cerrado;Ana Ruiz;50;Senior;Alta
2426;2022-03-03;2022-12-25;1;Seguridad;Inteligencia de Datos;72;195;En Progreso;Ana Ruiz;50;Senior;Baja
2428;2022-04-01;2023-03-13;2;Seguridad;Visión Futurista;72;196;Abierto;Ana Ruiz;50;Senior;Media
2435;2022-04-01;2022-12-02;1;Redes;Innovaciones Creativas;48;156;Abierto;Ana Ruiz;50;Senior;Media
2442;2022-11-14;2023-07-16;4;Software;Visión Futurista;72;196;En Progreso;Ana Ruiz;50;Senior;Alta
2477;2022-09-09;2023-05-25;2;Software;Inteligencia de Datos;72;195;Cerrado;Ana Ruiz;50;Senior;Alta
2588;2022-04-24;2023-04-19;1;Software;Sostenibilidad y Progreso;48;141;Abierto;Ana Ruiz;50;Senior;Baja
2628;2022-08-20;2022-10-11;5;Software;Redes Seguras;48;179;Cerrado;Ana Ruiz;50;Senior;Urgente
2811;2022-01-09;2022-02-19;2;Hardware;Avances Continuos;36;134;En Progreso;Ana Ruiz;50;Senior;Alta
2900;2022-05-24;2023-05-07;1;Software;Soluciones Tecnológicas;24;164;Abierto;Ana Ruiz;50;Senior;Alta
2990;2022-11-15;2023-06-22;5;Seguridad;Servicios Globales;36;195;Cerrado;Ana Ruiz;50;Senior;Media
3017;2022-12-31;2023-12-02;2;Software;Sistemas Ecológicos;24;130;Cerrado;Ana Ruiz;50;Senior;Baja
3030;2022-04-27;2023-04-04;5;Software;Redes Seguras;48;179;Abierto;Ana Ruiz;50;Senior;Media
3037;2022-07-17;2023-07-04;4;Software;Creatividad y Desarrollo;24;114;Abierto;Ana Ruiz;50;Senior;Baja
3048;2022-08-23;2023-02-11;5;Hardware;Soluciones Tecnológicas;24;164;Cerrado;Ana Ruiz;50;Senior;Baja
3171;2022-06-17;2022-07-22;1;Redes;Redes Seguras;48;179;Cerrado;Ana Ruiz;50;Senior;Alta
3207;2022-09-14;2023-02-22;5;Redes;Creatividad y Desarrollo;24;114;En Progreso;Ana Ruiz;50;Senior;Urgente
3229;2022-09-03;2023-05-14;4;Redes;Creatividad y Desarrollo;24;114;Cerrado;Ana Ruiz;50;Senior;Media
3264;2022-08-08;2023-06-23;4;Seguridad;Avances Continuos;36;134;En Progreso;Ana Ruiz;50;Senior;Media
3343;2022-09-16;2022-10-10;4;Software;Avances Continuos;36;134;En Progreso;Ana Ruiz;50;Senior;Urgente
3486;2022-03-31;2023-02-17;5;Hardware;Redes Seguras;48;179;Abierto;Ana Ruiz;50;Senior;Baja
3535;2022-09-03;2022-12-04;3;Redes;Sistemas Ecológicos;24;130;Abierto;Ana Ruiz;50;Senior;Urgente
3571;2022-07-29;2022-11-12;1;Redes;Visión Futurista;72;196;Cerrado;Ana Ruiz;50;Senior;Media
3575;2022-04-19;2022-05-07;1;Hardware;Innovaciones Creativas;48;156;Cerrado;Ana Ruiz;50;Senior;Baja
3580;2022-11-02;2023-01-04;1;Software;Visión Futurista;72;196;Abierto;Ana Ruiz;50;Senior;Alta
3676;2022-11-12;2023-02-28;5;Redes;Innovaciones Creativas;48;156;En Progreso;Ana Ruiz;50;Senior;Alta
3682;2022-11-03;2023-03-28;2;Redes;Avances Continuos;36;134;Cerrado;Ana Ruiz;50;Senior;Baja
3704;2022-10-14;2023-04-27;4;Software;Inteligencia de Datos;72;195;Cerrado;Ana Ruiz;50;Senior;Media
3742;2022-11-02;2023-09-29;5;Hardware;Redes Seguras;48;179;Abierto;Ana Ruiz;50;Senior;Alta
3850;2022-02-14;2022-06-22;5;Redes;Redes Seguras;48;179;En Progreso;Ana Ruiz;50;Senior;Media
3854;2022-12-04;2023-08-06;4;Hardware;Inteligencia de Datos;72;195;Abierto;Ana Ruiz;50;Senior;Baja
3980;2022-04-12;2022-10-19;3;Redes;Sistemas Ecológicos;24;130;En Progreso;Ana Ruiz;50;Senior;Urgente
3982;2022-11-28;2023-10-30;2;Software;Innovaciones Creativas;48;156;En Progreso;Ana Ruiz;50;Senior;Baja
4090;2022-09-20;2023-07-04;4;Hardware;Creatividad y Desarrollo;24;114;Abierto;Ana Ruiz;50;Senior;Media
4119;2022-11-27;2023-04-19;5;Seguridad;Sostenibilidad y Progreso;48;141;En Progreso;Ana Ruiz;50;Senior;Urgente
4121;2022-01-20;2022-09-18;4;Software;Innovaciones Creativas;48;156;Abierto;Ana Ruiz;50;Senior;Baja
4137;2022-11-11;2023-01-22;3;Redes;Avances Continuos;36;134;Abierto;Ana Ruiz;50;Senior;Urgente
4141;2022-01-22;2022-04-14;5;Software;Visión Futurista;72;196;En Progreso;Ana Ruiz;50;Senior;Alta
4155;2022-02-23;2022-07-11;3;Seguridad;Sistemas Ecológicos;24;130;Cerrado;Ana Ruiz;50;Senior;Alta
4268;2022-06-06;2022-07-28;5;Hardware;Innovaciones Creativas;48;156;En Progreso;Ana Ruiz;50;Senior;Baja
4342;2022-12-18;2023-07-05;1;Software;Soluciones Tecnológicas;24;164;Cerrado;Ana Ruiz;50;Senior;Alta
4395;2022-07-03;2022-08-18;5;Software;Visión Futurista;72;196;Cerrado;Ana Ruiz;50;Senior;Media
4435;2022-05-19;2023-02-14;1;Seguridad;Redes Seguras;48;179;En Progreso;Ana Ruiz;50;Senior;Media
4448;2022-03-06;2022-11-03;3;Software;Redes Seguras;48;179;Abierto;Ana Ruiz;50;Senior;Urgente
4449;2022-05-14;2022-12-02;5;Software;Avances Continuos;36;134;Cerrado;Ana Ruiz;50;Senior;Urgente
4455;2022-02-08;2022-08-08;2;Redes;Visión Futurista;72;196;En Progreso;Ana Ruiz;50;Senior;Media
4460;2022-01-11;2022-03-15;1;Hardware;Sistemas Ecológicos;24;130;Abierto;Ana Ruiz;50;Senior;Baja
4482;2022-10-23;2023-03-01;4;Redes;Sistemas Ecológicos;24;130;Abierto;Ana Ruiz;50;Senior;Media
4533;2022-11-28;2023-10-05;4;Hardware;Servicios Globales;36;195;Abierto;Ana Ruiz;50;Senior;Media
4545;2022-06-13;2022-08-20;3;Hardware;Sostenibilidad y Progreso;48;141;En Progreso;Ana Ruiz;50;Senior;Baja
4593;2022-08-15;2023-04-16;1;Seguridad;Soluciones Tecnológicas;24;164;Abierto;Ana Ruiz;50;Senior;Urgente
4623;2022-10-27;2023-03-21;1;Redes;Innovaciones Creativas;48;156;Cerrado;Ana Ruiz;50;Senior;Alta
4660;2022-07-30;2023-02-08;5;Seguridad;Redes Seguras;48;179;Abierto;Ana Ruiz;50;Senior;Alta
4697;2022-04-22;2023-02-13;2;Seguridad;Servicios Globales;36;195;En Progreso;Ana Ruiz;50;Senior;Alta
4703;2022-06-16;2022-12-28;3;Hardware;Sistemas Ecológicos;24;130;En Progreso;Ana Ruiz;50;Senior;Urgente
4742;2022-07-26;2022-09-14;4;Hardware;Creatividad y Desarrollo;24;114;Abierto;Ana Ruiz;50;Senior;Baja
4788;2022-09-25;2023-01-22;5;Seguridad;Innovaciones Creativas;48;156;Cerrado;Ana Ruiz;50;Senior;Urgente
4790;2022-09-01;2023-05-02;4;Hardware;Visión Futurista;72;196;En Progreso;Ana Ruiz;50;Senior;Baja
4807;2022-04-07;2022-07-11;1;Seguridad;Avances Continuos;36;134;Abierto;Ana Ruiz;50;Senior;Urgente
4839;2022-03-13;2022-06-21;4;Software;Servicios Globales;36;195;En Progreso;Ana Ruiz;50;Senior;Urgente
4928;2022-02-18;2023-01-19;1;Redes;Avances Continuos;36;134;Cerrado;Ana Ruiz;50;Senior;Media
4972;2022-07-19;2023-02-01;2;Seguridad;Sistemas Ecológicos;24;130;En Progreso;Ana Ruiz;50;Senior;Alta
4996;2022-12-30;2023-06-11;4;Redes;Innovaciones Creativas;48;156;Abierto;Ana Ruiz;50;Senior;Baja
5058;2022-04-04;2022-10-07;5;Redes;Sistemas Ecológicos;24;130;Abierto;Ana Ruiz;50;Senior;Urgente
5088;2022-11-27;2023-09-12;2;Redes;Sostenibilidad y Progreso;48;141;Abierto;Ana Ruiz;50;Senior;Media
5195;2022-07-24;2023-05-16;1;Redes;Creatividad y Desarrollo;24;114;Abierto;Ana Ruiz;50;Senior;Baja
5213;2022-01-08;2022-08-30;1;Seguridad;Sistemas Ecológicos;24;130;En Progreso;Ana Ruiz;50;Senior;Media
5319;2022-10-25;2023-04-19;1;Hardware;Creatividad y Desarrollo;24;114;Abierto;Ana Ruiz;50;Senior;Alta
5396;2022-03-29;2022-08-30;4;Hardware;Avances Continuos;36;134;Cerrado;Ana Ruiz;50;Senior;Baja
5472;2022-06-05;2023-01-25;1;Software;Avances Continuos;36;134;Abierto;Ana Ruiz;50;Senior;Alta
5506;2022-05-07;2022-06-17;5;Seguridad;Servicios Globales;36;195;Cerrado;Ana Ruiz;50;Senior;Baja
5543;2022-10-24;2023-09-08;2;Software;Creatividad y Desarrollo;24;114;Cerrado;Ana Ruiz;50;Senior;Alta
5558;2022-04-14;2022-11-24;5;Seguridad;Servicios Globales;36;195;En Progreso;Ana Ruiz;50;Senior;Alta
5564;2022-08-16;2022-12-04;5;Seguridad;Creatividad y Desarrollo;24;114;En Progreso;Ana Ruiz;50;Senior;Urgente
5647;2022-09-25;2022-12-07;5;Hardware;Creatividad y Desarrollo;24;114;Cerrado;Ana Ruiz;50;Senior;Urgente
5649;2022-04-06;2022-06-09;4;Hardware;Sistemas Ecológicos;24;130;En Progreso;Ana Ruiz;50;Senior;Baja
5661;2022-12-22;2023-11-04;3;Redes;Avances Continuos;36;134;Cerrado;Ana Ruiz;50;Senior;Urgente
5697;2022-04-17;2022-12-12;1;Software;Redes Seguras;48;179;Cerrado;Ana Ruiz;50;Senior;Alta
5706;2022-11-19;2023-06-06;5;Software;Visión Futurista;72;196;En Progreso;Ana Ruiz;50;Senior;Baja
5726;2022-10-29;2023-05-19;4;Seguridad;Creatividad y Desarrollo;24;114;Abierto;Ana Ruiz;50;Senior;Urgente
5730;2022-07-04;2023-03-08;3;Seguridad;Avances Continuos;36;134;Abierto;Ana Ruiz;50;Senior;Alta
5788;2022-03-28;2022-07-27;4;Hardware;Avances Continuos;36;134;Cerrado;Ana Ruiz;50;Senior;Alta
5854;2022-05-20;2022-12-26;2;Software;Sostenibilidad y Progreso;48;141;Abierto;Ana Ruiz;50;Senior;Urgente
5930;2022-07-28;2022-10-08;4;Hardware;Visión Futurista;72;196;En Progreso;Ana Ruiz;50;Senior;Media
6033;2022-05-14;2022-12-26;5;Redes;Avances Continuos;36;134;Cerrado;Ana Ruiz;50;Senior;Baja
6177;2022-08-11;2023-02-18;1;Software;Creatividad y Desarrollo;24;114;Abierto;Ana Ruiz;50;Senior;Urgente
6203;2022-06-22;2023-03-19;5;Software;Sostenibilidad y Progreso;48;141;En Progreso;Ana Ruiz;50;Senior;Urgente
6230;2022-08-09;2023-01-11;3;Redes;Creatividad y Desarrollo;24;114;En Progreso;Ana Ruiz;50;Senior;Media
6236;2022-07-25;2022-11-30;5;Hardware;Servicios Globales;36;195;Cerrado;Ana Ruiz;50;Senior;Media
6256;2022-09-18;2023-09-14;4;Hardware;Soluciones Tecnológicas;24;164;Abierto;Ana Ruiz;50;Senior;Baja
6277;2022-03-23;2022-12-24;1;Software;Visión Futurista;72;196;En Progreso;Ana Ruiz;50;Senior;Alta
6306;2022-07-03;2023-06-05;4;Redes;Avances Continuos;36;134;En Progreso;Ana Ruiz;50;Senior;Alta
6339;2022-07-07;2022-10-25;3;Software;Sistemas Ecológicos;24;130;Abierto;Ana Ruiz;50;Senior;Baja
6486;2022-02-26;2023-02-17;1;Hardware;Visión Futurista;72;196;En Progreso;Ana Ruiz;50;Senior;Baja
6495;2022-01-01;2022-04-16;1;Hardware;Redes Seguras;48;179;En Progreso;Ana Ruiz;50;Senior;Media
6506;2022-08-13;2022-12-19;3;Redes;Creatividad y Desarrollo;24;114;Cerrado;Ana Ruiz;50;Senior;Media
6606;2022-06-10;2022-12-15;5;Redes;Sistemas Ecológicos;24;130;En Progreso;Ana Ruiz;50;Senior;Media
6689;2022-05-27;2022-12-04;3;Seguridad;Sostenibilidad y Progreso;48;141;En Progreso;Ana Ruiz;50;Senior;Alta
6785;2022-09-11;2023-02-17;5;Hardware;Creatividad y Desarrollo;24;114;En Progreso;Ana Ruiz;50;Senior;Media
6821;2022-11-05;2023-02-21;1;Hardware;Creatividad y Desarrollo;24;114;Abierto;Ana Ruiz;50;Senior;Alta
6838;2022-01-20;2022-03-02;4;Seguridad;Innovaciones Creativas;48;156;Cerrado;Ana Ruiz;50;Senior;Media
6851;2022-12-03;2023-03-05;3;Seguridad;Redes Seguras;48;179;Abierto;Ana Ruiz;50;Senior;Urgente
7065;2022-03-01;2022-08-07;5;Seguridad;Innovaciones Creativas;48;156;Cerrado;Ana Ruiz;50;Senior;Baja
7096;2022-11-08;2023-03-21;1;Hardware;Visión Futurista;72;196;Abierto;Ana Ruiz;50;Senior;Urgente
7168;2022-04-20;2022-06-25;4;Hardware;Soluciones Tecnológicas;24;164;En Progreso;Ana Ruiz;50;Senior;Alta
7169;2022-10-22;2023-05-09;3;Redes;Soluciones Tecnológicas;24;164;Abierto;Ana Ruiz;50;Senior;Alta
7184;2022-09-07;2022-12-14;1;Redes;Innovaciones Creativas;48;156;Abierto;Ana Ruiz;50;Senior;Urgente
7231;2022-03-01;2022-10-27;2;Redes;Redes Seguras;48;179;Cerrado;Ana Ruiz;50;Senior;Baja
7273;2022-01-10;2022-02-25;4;Software;Creatividad y Desarrollo;24;114;Abierto;Ana Ruiz;50;Senior;Baja
7280;2022-04-12;2022-07-26;5;Redes;Soluciones Tecnológicas;24;164;Abierto;Ana Ruiz;50;Senior;Alta
7291;2022-11-02;2023-05-28;3;Redes;Sistemas Ecológicos;24;130;Abierto;Ana Ruiz;50;Senior;Media
7296;2022-06-09;2022-10-24;1;Seguridad;Avances Continuos;36;134;En Progreso;Ana Ruiz;50;Senior;Alta
7414;2022-03-14;2023-01-07;5;Hardware;Servicios Globales;36;195;Cerrado;Ana Ruiz;50;Senior;Media
7420;2022-08-20;2023-07-20;1;Software;Redes Seguras;48;179;Cerrado;Ana Ruiz;50;Senior;Alta
7517;2022-03-30;2022-11-17;4;Software;Servicios Globales;36;195;En Progreso;Ana Ruiz;50;Senior;Media
7545;2022-11-19;2023-03-27;1;Hardware;Servicios Globales;36;195;Abierto;Ana Ruiz;50;Senior;Urgente
7565;2022-06-15;2022-11-08;2;Redes;Soluciones Tecnológicas;24;164;Cerrado;Ana Ruiz;50;Senior;Media
7589;2022-01-14;2022-01-31;2;Software;Servicios Globales;36;195;Abierto;Ana Ruiz;50;Senior;Alta
7646;2022-02-18;2022-02-25;5;Redes;Creatividad y Desarrollo;24;114;Abierto;Ana Ruiz;50;Senior;Baja
7675;2022-06-10;2023-06-04;1;Hardware;Soluciones Tecnológicas;24;164;Abierto;Ana Ruiz;50;Senior;Baja
7844;2022-12-29;2023-03-22;1;Seguridad;Innovaciones Creativas;48;156;Cerrado;Ana Ruiz;50;Senior;Alta
7883;2022-04-01;2022-07-04;3;Software;Servicios Globales;36;195;Abierto;Ana Ruiz;50;Senior;Baja
7918;2022-11-28;2022-12-27;3;Seguridad;Inteligencia de Datos;72;195;Abierto;Ana Ruiz;50;Senior;Baja
7972;2022-10-04;2023-08-01;2;Software;Sostenibilidad y Progreso;48;141;Abierto;Ana Ruiz;50;Senior;Baja
8016;2022-10-10;2022-12-09;2;Hardware;Visión Futurista;72;196;Abierto;Ana Ruiz;50;Senior;Baja
8137;2022-10-22;2022-12-11;3;Software;Visión Futurista;72;196;Abierto;Ana Ruiz;50;Senior;Baja
8187;2022-06-28;2023-01-26;5;Redes;Avances Continuos;36;134;Abierto;Ana Ruiz;50;Senior;Urgente
8192;2022-08-04;2022-11-05;1;Seguridad;Sostenibilidad y Progreso;48;141;Abierto;Ana Ruiz;50;Senior;Media
8265;2022-11-21;2023-05-30;3;Redes;Creatividad y Desarrollo;24;114;Cerrado;Ana Ruiz;50;Senior;Media
8337;2022-04-04;2022-09-30;5;Redes;Avances Continuos;36;134;Cerrado;Ana Ruiz;50;Senior;Urgente
8474;2022-02-08;2022-05-17;2;Hardware;Avances Continuos;36;134;En Progreso;Ana Ruiz;50;Senior;Baja
8484;2022-04-12;2022-06-26;1;Software;Inteligencia de Datos;72;195;Abierto;Ana Ruiz;50;Senior;Baja
8492;2022-04-12;2022-09-15;5;Software;Inteligencia de Datos;72;195;Cerrado;Ana Ruiz;50;Senior;Media
8545;2022-07-29;2022-08-17;2;Redes;Servicios Globales;36;195;En Progreso;Ana Ruiz;50;Senior;Urgente
8560;2022-02-11;2022-05-08;4;Software;Sistemas Ecológicos;24;130;Cerrado;Ana Ruiz;50;Senior;Media
8664;2022-10-27;2023-03-04;2;Software;Soluciones Tecnológicas;24;164;En Progreso;Ana Ruiz;50;Senior;Alta
8727;2022-05-16;2022-10-18;2;Software;Visión Futurista;72;196;Abierto;Ana Ruiz;50;Senior;Alta
8768;2022-08-09;2023-02-13;4;Redes;Avances Continuos;36;134;Cerrado;Ana Ruiz;50;Senior;Urgente
8780;2022-03-28;2022-06-21;4;Hardware;Avances Continuos;36;134;Abierto;Ana Ruiz;50;Senior;Urgente
8785;2022-04-25;2023-04-10;3;Seguridad;Servicios Globales;36;195;Cerrado;Ana Ruiz;50;Senior;Alta
8806;2022-02-08;2022-11-09;3;Seguridad;Redes Seguras;48;179;Cerrado;Ana Ruiz;50;Senior;Urgente
8818;2022-10-02;2023-05-21;5;Seguridad;Redes Seguras;48;179;En Progreso;Ana Ruiz;50;Senior;Urgente
8848;2022-12-01;2023-04-27;4;Seguridad;Innovaciones Creativas;48;156;Abierto;Ana Ruiz;50;Senior;Urgente
8906;2022-03-26;2022-08-25;4;Seguridad;Sostenibilidad y Progreso;48;141;Cerrado;Ana Ruiz;50;Senior;Media
9014;2022-08-26;2023-04-08;2;Redes;Sostenibilidad y Progreso;48;141;Cerrado;Ana Ruiz;50;Senior;Media
9040;2022-03-13;2022-04-13;1;Seguridad;Sostenibilidad y Progreso;48;141;En Progreso;Ana Ruiz;50;Senior;Urgente
9107;2022-04-18;2022-06-04;3;Software;Sostenibilidad y Progreso;48;141;En Progreso;Ana Ruiz;50;Senior;Baja
9112;2022-10-06;2022-10-16;5;Redes;Soluciones Tecnológicas;24;164;Abierto;Ana Ruiz;50;Senior;Alta
9175;2022-04-23;2022-06-26;2;Hardware;Visión Futurista;72;196;En Progreso;Ana Ruiz;50;Senior;Media
9187;2022-02-26;2022-06-06;3;Software;Avances Continuos;36;134;Cerrado;Ana Ruiz;50;Senior;Baja
9255;2022-08-01;2022-11-07;2;Software;Innovaciones Creativas;48;156;Abierto;Ana Ruiz;50;Senior;Baja
9311;2022-08-24;2022-11-30;2;Seguridad;Visión Futurista;72;196;En Progreso;Ana Ruiz;50;Senior;Media
9322;2022-05-24;2022-06-17;4;Software;Creatividad y Desarrollo;24;114;En Progreso;Ana Ruiz;50;Senior;Baja
9334;2022-10-30;2023-02-17;4;Hardware;Redes Seguras;48;179;Cerrado;Ana Ruiz;50;Senior;Urgente
9413;2022-01-07;2022-12-15;4;Hardware;Innovaciones Creativas;48;156;En Progreso;Ana Ruiz;50;Senior;Urgente
9428;2022-01-18;2023-01-05;1;Hardware;Soluciones Tecnológicas;24;164;En Progreso;Ana Ruiz;50;Senior;Media
9471;2022-03-21;2022-08-21;4;Redes;Sostenibilidad y Progreso;48;141;Abierto;Ana Ruiz;50;Senior;Urgente
9483;2022-10-06;2023-03-22;5;Redes;Sostenibilidad y Progreso;48;141;En Progreso;Ana Ruiz;50;Senior;Media
9493;2022-04-18;2023-01-30;2;Software;Avances Continuos;36;134;Cerrado;Ana Ruiz;50;Senior;Media
9495;2022-03-20;2022-08-19;1;Seguridad;Sostenibilidad y Progreso;48;141;Cerrado;Ana Ruiz;50;Senior;Alta
9582;2022-12-07;2023-02-25;1;Software;Sostenibilidad y Progreso;48;141;Cerrado;Ana Ruiz;50;Senior;Urgente
9588;2022-02-22;2023-01-25;5;Redes;Creatividad y Desarrollo;24;114;Cerrado;Ana Ruiz;50;Senior;Alta
9611;2022-07-08;2022-11-11;4;Seguridad;Inteligencia de Datos;72;195;Abierto;Ana Ruiz;50;Senior;Alta
9635;2022-07-07;2022-08-31;2;Seguridad;Innovaciones Creativas;48;156;Abierto;Ana Ruiz;50;Senior;Media
9661;2022-03-29;2022-04-14;4;Hardware;Creatividad y Desarrollo;24;114;En Progreso;Ana Ruiz;50;Senior;Alta
9686;2022-12-24;2023-07-15;5;Redes;Redes Seguras;48;179;Cerrado;Ana Ruiz;50;Senior;Alta
9690;2022-02-21;2023-02-02;4;Software;Soluciones Tecnológicas;24;164;En Progreso;Ana Ruiz;50;Senior;Baja
9713;2022-08-26;2023-07-05;2;Hardware;Sistemas Ecológicos;24;130;Cerrado;Ana Ruiz;50;Senior;Media
9750;2022-02-27;2022-08-22;5;Hardware;Creatividad y Desarrollo;24;114;Cerrado;Ana Ruiz;50;Senior;Baja
9751;2022-04-29;2022-07-01;1;Redes;Servicios Globales;36;195;Abierto;Ana Ruiz;50;Senior;Baja
9831;2022-11-20;2023-03-27;2;Hardware;Creatividad y Desarrollo;24;114;Abierto;Ana Ruiz;50;Senior;Baja
9902;2022-07-01;2023-01-03;4;Hardware;Avances Continuos;36;134;Abierto;Ana Ruiz;50;Senior;Urgente
9919;2022-11-05;2023-08-02;3;Seguridad;Inteligencia de Datos;72;195;En Progreso;Ana Ruiz;50;Senior;Urgente
9940;2022-01-15;2022-04-29;4;Seguridad;Servicios Globales;36;195;En Progreso;Ana Ruiz;50;Senior;Baja
9994;2022-06-05;2023-04-30;5;Seguridad;Avances Continuos;36;134;Abierto;Ana Ruiz;50;Senior;Media
71;2022-10-22;2022-11-01;5;Redes;Avances Continuos;36;134;Cerrado;Carlos Gómez;60;Senior;Alta
72;2022-10-18;2023-08-09;3;Redes;Redes Seguras;48;179;Abierto;Carlos Gómez;60;Senior;Baja
91;2022-05-28;2022-08-22;1;Hardware;Sistemas Ecológicos;24;130;En Progreso;Carlos Gómez;60;Senior;Urgente
226;2022-01-21;2022-04-11;4;Software;Redes Seguras;48;179;Abierto;Carlos Gómez;60;Senior;Media
307;2022-08-12;2022-12-06;3;Software;Creatividad y Desarrollo;24;114;En Progreso;Carlos Gómez;60;Senior;Baja
327;2022-03-26;2022-11-04;1;Redes;Inteligencia de Datos;72;195;Cerrado;Carlos Gómez;60;Senior;Media
337;2022-12-05;2023-04-26;5;Redes;Sistemas Ecológicos;24;130;Abierto;Carlos Gómez;60;Senior;Baja
429;2022-04-02;2022-06-21;2;Seguridad;Soluciones Tecnológicas;24;164;Abierto;Carlos Gómez;60;Senior;Alta
441;2022-01-10;2022-12-10;1;Redes;Innovaciones Creativas;48;156;Cerrado;Carlos Gómez;60;Senior;Media
476;2022-08-15;2023-05-10;1;Seguridad;Avances Continuos;36;134;En Progreso;Carlos Gómez;60;Senior;Media
480;2022-06-30;2022-09-07;4;Seguridad;Inteligencia de Datos;72;195;Abierto;Carlos Gómez;60;Senior;Baja
495;2022-01-31;2022-08-14;1;Hardware;Redes Seguras;48;179;En Progreso;Carlos Gómez;60;Senior;Urgente
502;2022-03-02;2022-12-26;3;Redes;Avances Continuos;36;134;Cerrado;Carlos Gómez;60;Senior;Urgente
532;2022-10-18;2023-09-19;3;Seguridad;Sistemas Ecológicos;24;130;Cerrado;Carlos Gómez;60;Senior;Media
554;2022-10-05;2023-07-01;2;Seguridad;Sistemas Ecológicos;24;130;En Progreso;Carlos Gómez;60;Senior;Baja
695;2022-08-28;2023-05-10;5;Seguridad;Visión Futurista;72;196;En Progreso;Carlos Gómez;60;Senior;Baja
702;2022-08-29;2023-01-09;1;Software;Servicios Globales;36;195;En Progreso;Carlos Gómez;60;Senior;Media
706;2022-10-28;2023-06-07;2;Redes;Sostenibilidad y Progreso;48;141;Abierto;Carlos Gómez;60;Senior;Baja
718;2022-01-09;2022-03-11;5;Hardware;Soluciones Tecnológicas;24;164;En Progreso;Carlos Gómez;60;Senior;Media
736;2022-04-03;2022-12-19;5;Software;Redes Seguras;48;179;Abierto;Carlos Gómez;60;Senior;Alta
737;2022-03-08;2022-10-22;2;Hardware;Redes Seguras;48;179;Abierto;Carlos Gómez;60;Senior;Baja
808;2022-05-02;2023-03-04;1;Hardware;Creatividad y Desarrollo;24;114;Cerrado;Carlos Gómez;60;Senior;Alta
814;2022-02-02;2022-12-09;1;Seguridad;Redes Seguras;48;179;Cerrado;Carlos Gómez;60;Senior;Media
842;2022-09-10;2022-11-19;4;Software;Creatividad y Desarrollo;24;114;En Progreso;Carlos Gómez;60;Senior;Media
857;2022-06-18;2022-08-08;5;Seguridad;Redes Seguras;48;179;En Progreso;Carlos Gómez;60;Senior;Baja
925;2022-11-04;2023-05-26;3;Hardware;Visión Futurista;72;196;En Progreso;Carlos Gómez;60;Senior;Baja
1059;2022-12-01;2023-07-14;4;Software;Inteligencia de Datos;72;195;Cerrado;Carlos Gómez;60;Senior;Media
1104;2022-03-16;2022-12-03;2;Hardware;Sostenibilidad y Progreso;48;141;En Progreso;Carlos Gómez;60;Senior;Alta
1106;2022-03-25;2022-07-28;5;Software;Soluciones Tecnológicas;24;164;En Progreso;Carlos Gómez;60;Senior;Media
1128;2022-05-21;2023-05-09;5;Seguridad;Creatividad y Desarrollo;24;114;Abierto;Carlos Gómez;60;Senior;Media
1144;2022-04-07;2022-10-05;1;Hardware;Sistemas Ecológicos;24;130;En Progreso;Carlos Gómez;60;Senior;Alta
1157;2022-10-10;2023-05-10;2;Software;Soluciones Tecnológicas;24;164;En Progreso;Carlos Gómez;60;Senior;Media
1213;2022-12-08;2023-01-21;2;Software;Visión Futurista;72;196;En Progreso;Carlos Gómez;60;Senior;Urgente
1358;2022-04-17;2022-12-27;2;Hardware;Creatividad y Desarrollo;24;114;Abierto;Carlos Gómez;60;Senior;Alta
1384;2022-09-07;2023-09-04;5;Hardware;Visión Futurista;72;196;Cerrado;Carlos Gómez;60;Senior;Baja
1394;2022-03-04;2022-10-21;5;Hardware;Sistemas Ecológicos;24;130;Abierto;Carlos Gómez;60;Senior;Baja
1415;2022-01-20;2022-09-17;1;Hardware;Creatividad y Desarrollo;24;114;En Progreso;Carlos Gómez;60;Senior;Urgente
1444;2022-08-14;2022-08-29;5;Software;Sistemas Ecológicos;24;130;Abierto;Carlos Gómez;60;Senior;Media
1445;2022-11-06;2023-05-26;3;Seguridad;Sostenibilidad y Progreso;48;141;Abierto;Carlos Gómez;60;Senior;Baja
1464;2022-11-05;2023-08-05;1;Hardware;Inteligencia de Datos;72;195;Abierto;Carlos Gómez;60;Senior;Baja
1499;2022-09-09;2023-05-13;2;Redes;Servicios Globales;36;195;Abierto;Carlos Gómez;60;Senior;Media
1723;2022-07-06;2022-10-18;5;Software;Innovaciones Creativas;48;156;En Progreso;Carlos Gómez;60;Senior;Media
1767;2022-11-11;2022-12-01;4;Hardware;Redes Seguras;48;179;En Progreso;Carlos Gómez;60;Senior;Urgente
1934;2022-06-21;2023-05-31;5;Redes;Sostenibilidad y Progreso;48;141;Abierto;Carlos Gómez;60;Senior;Alta
1973;2022-01-21;2022-01-24;4;Software;Innovaciones Creativas;48;156;Cerrado;Carlos Gómez;60;Senior;Baja
2021;2022-06-04;2023-04-18;2;Hardware;Sistemas Ecológicos;24;130;Cerrado;Carlos Gómez;60;Senior;Urgente
2035;2022-08-26;2022-12-07;5;Software;Visión Futurista;72;196;En Progreso;Carlos Gómez;60;Senior;Baja
2047;2022-04-16;2023-03-04;2;Seguridad;Inteligencia de Datos;72;195;En Progreso;Carlos Gómez;60;Senior;Baja
2144;2022-04-07;2023-03-27;2;Hardware;Sostenibilidad y Progreso;48;141;Cerrado;Carlos Gómez;60;Senior;Media
2173;2022-02-21;2023-01-04;1;Hardware;Soluciones Tecnológicas;24;164;Abierto;Carlos Gómez;60;Senior;Urgente
2182;2022-10-01;2022-10-20;1;Seguridad;Soluciones Tecnológicas;24;164;Abierto;Carlos Gómez;60;Senior;Baja
2353;2022-06-30;2023-03-10;1;Hardware;Creatividad y Desarrollo;24;114;En Progreso;Carlos Gómez;60;Senior;Media
2372;2022-09-04;2023-07-02;1;Hardware;Sistemas Ecológicos;24;130;Abierto;Carlos Gómez;60;Senior;Baja
2415;2022-10-27;2023-09-02;3;Redes;Sostenibilidad y Progreso;48;141;Cerrado;Carlos Gómez;60;Senior;Baja
2423;2022-07-19;2023-02-28;4;Hardware;Redes Seguras;48;179;Cerrado;Carlos Gómez;60;Senior;Alta
2457;2022-09-15;2023-03-27;2;Hardware;Servicios Globales;36;195;Abierto;Carlos Gómez;60;Senior;Alta
2484;2022-06-01;2023-02-03;3;Redes;Sistemas Ecológicos;24;130;Abierto;Carlos Gómez;60;Senior;Alta
2491;2022-02-23;2022-10-06;5;Seguridad;Visión Futurista;72;196;Abierto;Carlos Gómez;60;Senior;Baja
2508;2022-09-08;2023-08-24;4;Redes;Avances Continuos;36;134;Cerrado;Carlos Gómez;60;Senior;Alta
2520;2022-06-19;2023-04-07;4;Software;Redes Seguras;48;179;Cerrado;Carlos Gómez;60;Senior;Media
2636;2022-02-05;2022-09-07;3;Hardware;Avances Continuos;36;134;En Progreso;Carlos Gómez;60;Senior;Alta
2642;2022-02-19;2023-01-18;5;Seguridad;Servicios Globales;36;195;Cerrado;Carlos Gómez;60;Senior;Media
2677;2022-10-18;2023-03-14;2;Software;Redes Seguras;48;179;Cerrado;Carlos Gómez;60;Senior;Baja
2736;2022-07-25;2023-05-11;5;Hardware;Avances Continuos;36;134;Abierto;Carlos Gómez;60;Senior;Alta
2738;2022-11-02;2023-05-14;5;Software;Sistemas Ecológicos;24;130;Cerrado;Carlos Gómez;60;Senior;Alta
2825;2022-10-16;2023-06-15;5;Software;Servicios Globales;36;195;Abierto;Carlos Gómez;60;Senior;Urgente
2868;2022-03-02;2023-01-27;4;Hardware;Sostenibilidad y Progreso;48;141;Cerrado;Carlos Gómez;60;Senior;Alta
2891;2022-06-24;2022-07-30;5;Seguridad;Avances Continuos;36;134;En Progreso;Carlos Gómez;60;Senior;Alta
2955;2022-12-25;2023-07-06;3;Software;Visión Futurista;72;196;Abierto;Carlos Gómez;60;Senior;Baja
2969;2022-08-17;2023-06-08;3;Redes;Soluciones Tecnológicas;24;164;Cerrado;Carlos Gómez;60;Senior;Urgente
3019;2022-06-23;2022-11-10;3;Software;Visión Futurista;72;196;En Progreso;Carlos Gómez;60;Senior;Urgente
3043;2022-07-16;2023-05-17;5;Redes;Soluciones Tecnológicas;24;164;Abierto;Carlos Gómez;60;Senior;Alta
3119;2022-07-24;2023-02-14;5;Software;Visión Futurista;72;196;Cerrado;Carlos Gómez;60;Senior;Alta
3178;2022-12-22;2023-02-19;3;Software;Innovaciones Creativas;48;156;Cerrado;Carlos Gómez;60;Senior;Media
3184;2022-07-31;2023-07-12;2;Software;Innovaciones Creativas;48;156;Cerrado;Carlos Gómez;60;Senior;Baja
3188;2022-07-22;2023-04-14;1;Redes;Redes Seguras;48;179;Cerrado;Carlos Gómez;60;Senior;Alta
3309;2022-03-29;2022-08-14;4;Hardware;Soluciones Tecnológicas;24;164;En Progreso;Carlos Gómez;60;Senior;Urgente
3314;2022-06-25;2023-06-23;4;Hardware;Soluciones Tecnológicas;24;164;Cerrado;Carlos Gómez;60;Senior;Media
3478;2022-10-04;2023-03-15;4;Hardware;Creatividad y Desarrollo;24;114;Cerrado;Carlos Gómez;60;Senior;Media
3489;2022-08-04;2023-02-01;5;Seguridad;Creatividad y Desarrollo;24;114;Cerrado;Carlos Gómez;60;Senior;Urgente
3498;2022-09-30;2023-01-24;5;Hardware;Soluciones Tecnológicas;24;164;Cerrado;Carlos Gómez;60;Senior;Baja
3508;2022-05-15;2023-03-16;3;Redes;Servicios Globales;36;195;Abierto;Carlos Gómez;60;Senior;Alta
3573;2022-05-30;2022-10-31;4;Software;Avances Continuos;36;134;Cerrado;Carlos Gómez;60;Senior;Urgente
3574;2022-01-06;2022-07-22;3;Redes;Inteligencia de Datos;72;195;Abierto;Carlos Gómez;60;Senior;Urgente
3579;2022-04-16;2023-03-17;4;Software;Redes Seguras;48;179;Abierto;Carlos Gómez;60;Senior;Media
3589;2022-06-24;2022-09-02;3;Software;Servicios Globales;36;195;Abierto;Carlos Gómez;60;Senior;Alta
3667;2022-02-19;2022-02-22;4;Software;Sistemas Ecológicos;24;130;En Progreso;Carlos Gómez;60;Senior;Media
3694;2022-12-18;2022-12-22;1;Software;Inteligencia de Datos;72;195;Cerrado;Carlos Gómez;60;Senior;Urgente
3764;2022-11-02;2023-03-31;4;Seguridad;Inteligencia de Datos;72;195;Cerrado;Carlos Gómez;60;Senior;Urgente
3770;2022-06-16;2022-12-30;5;Hardware;Sostenibilidad y Progreso;48;141;Cerrado;Carlos Gómez;60;Senior;Alta
3824;2022-02-22;2022-08-05;4;Redes;Servicios Globales;36;195;En Progreso;Carlos Gómez;60;Senior;Media
3897;2022-05-12;2022-08-13;3;Redes;Innovaciones Creativas;48;156;Abierto;Carlos Gómez;60;Senior;Urgente
3957;2022-06-04;2022-09-26;3;Seguridad;Sistemas Ecológicos;24;130;Abierto;Carlos Gómez;60;Senior;Baja
4000;2022-02-28;2022-11-07;5;Redes;Avances Continuos;36;134;Cerrado;Carlos Gómez;60;Senior;Media
4151;2022-09-03;2023-06-08;2;Software;Visión Futurista;72;196;En Progreso;Carlos Gómez;60;Senior;Alta
4175;2022-10-03;2023-01-07;5;Software;Redes Seguras;48;179;Abierto;Carlos Gómez;60;Senior;Baja
4210;2022-04-05;2022-11-11;3;Seguridad;Inteligencia de Datos;72;195;Cerrado;Carlos Gómez;60;Senior;Media
4354;2022-08-04;2023-01-12;1;Hardware;Innovaciones Creativas;48;156;Cerrado;Carlos Gómez;60;Senior;Alta
4357;2022-06-09;2023-01-07;3;Software;Servicios Globales;36;195;Abierto;Carlos Gómez;60;Senior;Alta
4397;2022-05-09;2023-04-21;4;Seguridad;Sostenibilidad y Progreso;48;141;Abierto;Carlos Gómez;60;Senior;Alta
4410;2022-10-20;2023-02-20;4;Software;Creatividad y Desarrollo;24;114;Abierto;Carlos Gómez;60;Senior;Baja
4508;2022-01-15;2022-09-26;4;Hardware;Creatividad y Desarrollo;24;114;Cerrado;Carlos Gómez;60;Senior;Urgente
4530;2022-10-07;2023-05-23;2;Redes;Servicios Globales;36;195;Cerrado;Carlos Gómez;60;Senior;Baja
4613;2022-07-13;2023-01-30;2;Redes;Soluciones Tecnológicas;24;164;Cerrado;Carlos Gómez;60;Senior;Baja
4625;2022-03-27;2022-09-20;1;Software;Soluciones Tecnológicas;24;164;Cerrado;Carlos Gómez;60;Senior;Media
4679;2022-12-08;2023-10-22;2;Redes;Servicios Globales;36;195;Abierto;Carlos Gómez;60;Senior;Media
4694;2022-08-08;2023-02-17;2;Hardware;Soluciones Tecnológicas;24;164;Abierto;Carlos Gómez;60;Senior;Alta
4704;2022-12-21;2023-12-10;4;Seguridad;Servicios Globales;36;195;Cerrado;Carlos Gómez;60;Senior;Urgente
4721;2022-03-17;2022-09-09;5;Hardware;Soluciones Tecnológicas;24;164;Cerrado;Carlos Gómez;60;Senior;Media
4750;2022-11-29;2023-01-07;5;Hardware;Visión Futurista;72;196;Abierto;Carlos Gómez;60;Senior;Baja
4752;2022-08-12;2023-05-21;4;Redes;Sostenibilidad y Progreso;48;141;En Progreso;Carlos Gómez;60;Senior;Urgente
4787;2022-06-21;2022-07-09;3;Redes;Visión Futurista;72;196;En Progreso;Carlos Gómez;60;Senior;Baja
4878;2022-05-04;2023-01-10;2;Redes;Sostenibilidad y Progreso;48;141;Abierto;Carlos Gómez;60;Senior;Urgente
4915;2022-07-31;2023-03-02;1;Software;Innovaciones Creativas;48;156;Cerrado;Carlos Gómez;60;Senior;Media
4925;2022-12-18;2023-01-03;3;Hardware;Soluciones Tecnológicas;24;164;Abierto;Carlos Gómez;60;Senior;Alta
4947;2022-10-28;2023-09-22;1;Redes;Visión Futurista;72;196;Abierto;Carlos Gómez;60;Senior;Media
4991;2022-03-20;2022-09-01;5;Redes;Sostenibilidad y Progreso;48;141;Cerrado;Carlos Gómez;60;Senior;Urgente
5063;2022-02-15;2022-07-09;1;Redes;Redes Seguras;48;179;En Progreso;Carlos Gómez;60;Senior;Baja
5211;2022-10-21;2023-02-11;5;Software;Visión Futurista;72;196;Cerrado;Carlos Gómez;60;Senior;Media
5257;2022-05-20;2022-07-27;2;Hardware;Creatividad y Desarrollo;24;114;Abierto;Carlos Gómez;60;Senior;Media
5311;2022-09-28;2023-09-17;4;Redes;Visión Futurista;72;196;En Progreso;Carlos Gómez;60;Senior;Urgente
5352;2022-05-27;2023-04-03;4;Software;Soluciones Tecnológicas;24;164;Cerrado;Carlos Gómez;60;Senior;Baja
5354;2022-09-01;2023-01-26;4;Seguridad;Sistemas Ecológicos;24;130;En Progreso;Carlos Gómez;60;Senior;Urgente
5418;2022-01-30;2022-04-07;5;Hardware;Visión Futurista;72;196;En Progreso;Carlos Gómez;60;Senior;Baja
5435;2022-04-28;2023-02-02;1;Software;Sistemas Ecológicos;24;130;En Progreso;Carlos Gómez;60;Senior;Urgente
5489;2022-12-09;2023-10-01;3;Seguridad;Sostenibilidad y Progreso;48;141;Abierto;Carlos Gómez;60;Senior;Urgente
5511;2022-02-09;2022-07-09;3;Seguridad;Inteligencia de Datos;72;195;En Progreso;Carlos Gómez;60;Senior;Urgente
5526;2022-09-02;2022-10-03;1;Redes;Avances Continuos;36;134;Abierto;Carlos Gómez;60;Senior;Urgente
5594;2022-12-06;2023-02-11;5;Hardware;Sistemas Ecológicos;24;130;En Progreso;Carlos Gómez;60;Senior;Baja
5677;2022-12-30;2023-07-18;1;Hardware;Avances Continuos;36;134;Cerrado;Carlos Gómez;60;Senior;Baja
5717;2022-07-20;2023-03-27;2;Software;Soluciones Tecnológicas;24;164;Abierto;Carlos Gómez;60;Senior;Urgente
5799;2022-08-19;2023-01-07;2;Redes;Inteligencia de Datos;72;195;En Progreso;Carlos Gómez;60;Senior;Urgente
5810;2022-04-24;2023-04-05;3;Seguridad;Sistemas Ecológicos;24;130;Cerrado;Carlos Gómez;60;Senior;Alta
5858;2022-04-25;2023-04-12;4;Seguridad;Inteligencia de Datos;72;195;Abierto;Carlos Gómez;60;Senior;Alta
5889;2022-06-30;2023-01-11;2;Software;Sostenibilidad y Progreso;48;141;En Progreso;Carlos Gómez;60;Senior;Alta
5904;2022-02-06;2022-05-02;4;Software;Sostenibilidad y Progreso;48;141;En Progreso;Carlos Gómez;60;Senior;Urgente
5967;2022-05-26;2023-04-08;2;Software;Sistemas Ecológicos;24;130;Abierto;Carlos Gómez;60;Senior;Media
6063;2022-10-05;2023-08-25;3;Seguridad;Sistemas Ecológicos;24;130;Abierto;Carlos Gómez;60;Senior;Urgente
6076;2022-07-18;2023-04-21;1;Seguridad;Sostenibilidad y Progreso;48;141;Abierto;Carlos Gómez;60;Senior;Alta
6089;2022-07-08;2022-11-04;3;Redes;Redes Seguras;48;179;Cerrado;Carlos Gómez;60;Senior;Alta
6091;2022-01-25;2022-04-11;4;Redes;Visión Futurista;72;196;Cerrado;Carlos Gómez;60;Senior;Baja
6125;2022-12-03;2023-07-10;1;Software;Sostenibilidad y Progreso;48;141;Cerrado;Carlos Gómez;60;Senior;Baja
6182;2022-12-12;2023-07-16;1;Redes;Sostenibilidad y Progreso;48;141;En Progreso;Carlos Gómez;60;Senior;Media
6191;2022-02-16;2022-07-13;1;Software;Innovaciones Creativas;48;156;Abierto;Carlos Gómez;60;Senior;Urgente
6275;2022-04-29;2023-04-09;1;Hardware;Avances Continuos;36;134;Cerrado;Carlos Gómez;60;Senior;Urgente
6291;2022-11-03;2023-09-12;4;Software;Sostenibilidad y Progreso;48;141;Cerrado;Carlos Gómez;60;Senior;Urgente
6298;2022-07-27;2022-10-07;4;Hardware;Innovaciones Creativas;48;156;Cerrado;Carlos Gómez;60;Senior;Baja
6299;2022-06-05;2023-03-01;5;Redes;Servicios Globales;36;195;Abierto;Carlos Gómez;60;Senior;Alta
6331;2022-03-04;2022-09-21;4;Software;Visión Futurista;72;196;Cerrado;Carlos Gómez;60;Senior;Baja
6384;2022-04-13;2022-05-10;5;Hardware;Avances Continuos;36;134;En Progreso;Carlos Gómez;60;Senior;Alta
6408;2022-12-01;2023-06-30;5;Seguridad;Inteligencia de Datos;72;195;En Progreso;Carlos Gómez;60;Senior;Alta
6410;2022-07-18;2023-04-28;5;Hardware;Innovaciones Creativas;48;156;En Progreso;Carlos Gómez;60;Senior;Alta
6424;2022-01-25;2023-01-24;1;Hardware;Sistemas Ecológicos;24;130;Abierto;Carlos Gómez;60;Senior;Urgente
6442;2022-12-28;2023-03-21;2;Seguridad;Soluciones Tecnológicas;24;164;Cerrado;Carlos Gómez;60;Senior;Media
6484;2022-03-09;2023-02-23;4;Seguridad;Soluciones Tecnológicas;24;164;Abierto;Carlos Gómez;60;Senior;Alta
6629;2022-10-21;2022-11-19;1;Software;Servicios Globales;36;195;Abierto;Carlos Gómez;60;Senior;Alta
6663;2022-04-27;2023-01-10;5;Seguridad;Soluciones Tecnológicas;24;164;En Progreso;Carlos Gómez;60;Senior;Alta
6676;2022-03-29;2022-06-23;4;Redes;Sostenibilidad y Progreso;48;141;Abierto;Carlos Gómez;60;Senior;Baja
6710;2022-05-23;2022-08-19;3;Redes;Visión Futurista;72;196;En Progreso;Carlos Gómez;60;Senior;Baja
6745;2022-07-05;2022-07-15;2;Software;Creatividad y Desarrollo;24;114;Abierto;Carlos Gómez;60;Senior;Urgente
6804;2022-04-27;2023-04-14;5;Redes;Innovaciones Creativas;48;156;En Progreso;Carlos Gómez;60;Senior;Urgente
6843;2022-06-20;2023-05-29;4;Hardware;Soluciones Tecnológicas;24;164;En Progreso;Carlos Gómez;60;Senior;Baja
6855;2022-09-01;2023-03-21;3;Redes;Sistemas Ecológicos;24;130;En Progreso;Carlos Gómez;60;Senior;Media
6888;2022-10-30;2023-06-09;4;Software;Sostenibilidad y Progreso;48;141;Cerrado;Carlos Gómez;60;Senior;Media
6939;2022-04-04;2022-06-08;1;Redes;Servicios Globales;36;195;Cerrado;Carlos Gómez;60;Senior;Urgente
6944;2022-09-10;2023-08-03;5;Seguridad;Visión Futurista;72;196;Abierto;Carlos Gómez;60;Senior;Urgente
6967;2022-11-03;2023-05-02;2;Software;Inteligencia de Datos;72;195;Cerrado;Carlos Gómez;60;Senior;Baja
7026;2022-05-09;2023-05-04;1;Hardware;Soluciones Tecnológicas;24;164;Cerrado;Carlos Gómez;60;Senior;Baja
7043;2022-08-20;2022-09-03;3;Software;Creatividad y Desarrollo;24;114;En Progreso;Carlos Gómez;60;Senior;Media
7074;2022-06-17;2022-07-31;1;Redes;Inteligencia de Datos;72;195;En Progreso;Carlos Gómez;60;Senior;Media
7180;2022-05-23;2022-06-09;5;Seguridad;Sistemas Ecológicos;24;130;Cerrado;Carlos Gómez;60;Senior;Media
7185;2022-05-03;2022-08-15;4;Hardware;Innovaciones Creativas;48;156;Abierto;Carlos Gómez;60;Senior;Baja
7219;2022-01-01;2022-09-26;3;Redes;Innovaciones Creativas;48;156;Abierto;Carlos Gómez;60;Senior;Media
7271;2022-07-03;2023-01-28;5;Seguridad;Creatividad y Desarrollo;24;114;Cerrado;Carlos Gómez;60;Senior;Baja
7308;2022-08-29;2023-04-29;4;Hardware;Soluciones Tecnológicas;24;164;En Progreso;Carlos Gómez;60;Senior;Media
7323;2022-02-21;2022-08-25;5;Hardware;Sistemas Ecológicos;24;130;Cerrado;Carlos Gómez;60;Senior;Media
7346;2022-08-14;2023-01-13;2;Software;Redes Seguras;48;179;Cerrado;Carlos Gómez;60;Senior;Media
7392;2022-04-15;2022-09-22;3;Hardware;Inteligencia de Datos;72;195;En Progreso;Carlos Gómez;60;Senior;Urgente
7410;2022-10-10;2022-12-29;3;Software;Soluciones Tecnológicas;24;164;En Progreso;Carlos Gómez;60;Senior;Media
7440;2022-01-15;2022-03-25;1;Redes;Sistemas Ecológicos;24;130;En Progreso;Carlos Gómez;60;Senior;Media
7460;2022-06-16;2022-06-27;3;Software;Visión Futurista;72;196;En Progreso;Carlos Gómez;60;Senior;Urgente
7478;2022-08-17;2023-01-11;2;Redes;Avances Continuos;36;134;Cerrado;Carlos Gómez;60;Senior;Media
7480;2022-09-30;2022-12-26;3;Redes;Soluciones Tecnológicas;24;164;Cerrado;Carlos Gómez;60;Senior;Alta
7489;2022-01-23;2022-08-23;4;Hardware;Innovaciones Creativas;48;156;Cerrado;Carlos Gómez;60;Senior;Urgente
7495;2022-12-03;2023-04-29;4;Hardware;Innovaciones Creativas;48;156;Abierto;Carlos Gómez;60;Senior;Urgente
7504;2022-07-05;2023-03-14;1;Hardware;Creatividad y Desarrollo;24;114;En Progreso;Carlos Gómez;60;Senior;Urgente
7516;2022-05-17;2022-08-27;1;Software;Visión Futurista;72;196;En Progreso;Carlos Gómez;60;Senior;Media
7605;2022-08-30;2023-02-15;2;Software;Avances Continuos;36;134;Abierto;Carlos Gómez;60;Senior;Baja
7644;2022-12-16;2023-01-23;5;Redes;Inteligencia de Datos;72;195;En Progreso;Carlos Gómez;60;Senior;Media
7794;2022-03-24;2022-09-13;5;Seguridad;Inteligencia de Datos;72;195;Cerrado;Carlos Gómez;60;Senior;Media
7842;2022-04-18;2023-02-28;2;Seguridad;Creatividad y Desarrollo;24;114;Cerrado;Carlos Gómez;60;Senior;Media
7948;2022-12-02;2023-05-07;5;Seguridad;Creatividad y Desarrollo;24;114;En Progreso;Carlos Gómez;60;Senior;Urgente
7975;2022-08-27;2022-09-09;2;Seguridad;Innovaciones Creativas;48;156;Cerrado;Carlos Gómez;60;Senior;Media
7996;2022-06-06;2022-09-07;2;Redes;Creatividad y Desarrollo;24;114;Abierto;Carlos Gómez;60;Senior;Alta
8054;2022-04-19;2023-01-29;1;Software;Sistemas Ecológicos;24;130;Cerrado;Carlos Gómez;60;Senior;Baja
8101;2022-04-02;2022-08-18;5;Redes;Creatividad y Desarrollo;24;114;Abierto;Carlos Gómez;60;Senior;Baja
8114;2022-06-30;2023-02-04;4;Seguridad;Redes Seguras;48;179;En Progreso;Carlos Gómez;60;Senior;Urgente
8167;2022-07-02;2023-04-09;1;Software;Creatividad y Desarrollo;24;114;En Progreso;Carlos Gómez;60;Senior;Baja
8276;2022-06-23;2023-02-15;3;Seguridad;Redes Seguras;48;179;En Progreso;Carlos Gómez;60;Senior;Alta
8363;2022-03-01;2022-09-19;1;Hardware;Visión Futurista;72;196;Abierto;Carlos Gómez;60;Senior;Baja
8368;2022-08-22;2022-10-06;2;Redes;Visión Futurista;72;196;Abierto;Carlos Gómez;60;Senior;Baja
8408;2022-08-03;2022-09-17;3;Redes;Visión Futurista;72;196;En Progreso;Carlos Gómez;60;Senior;Media
8430;2022-01-28;2022-04-16;5;Hardware;Inteligencia de Datos;72;195;Abierto;Carlos Gómez;60;Senior;Baja
8473;2022-01-24;2022-10-28;1;Redes;Inteligencia de Datos;72;195;Abierto;Carlos Gómez;60;Senior;Alta
8482;2022-03-03;2023-02-11;1;Seguridad;Soluciones Tecnológicas;24;164;Cerrado;Carlos Gómez;60;Senior;Baja
8491;2022-01-30;2022-07-17;3;Hardware;Visión Futurista;72;196;Cerrado;Carlos Gómez;60;Senior;Alta
8525;2022-08-19;2023-05-30;4;Hardware;Avances Continuos;36;134;Cerrado;Carlos Gómez;60;Senior;Alta
8554;2022-07-16;2023-03-21;2;Seguridad;Innovaciones Creativas;48;156;En Progreso;Carlos Gómez;60;Senior;Alta
8563;2022-07-09;2023-05-07;4;Software;Creatividad y Desarrollo;24;114;Cerrado;Carlos Gómez;60;Senior;Alta
8589;2022-07-30;2023-04-04;4;Redes;Servicios Globales;36;195;Cerrado;Carlos Gómez;60;Senior;Media
8626;2022-02-20;2022-03-28;1;Hardware;Avances Continuos;36;134;En Progreso;Carlos Gómez;60;Senior;Urgente
8689;2022-03-23;2022-12-23;5;Seguridad;Servicios Globales;36;195;En Progreso;Carlos Gómez;60;Senior;Media
8702;2022-09-17;2022-12-07;3;Hardware;Avances Continuos;36;134;En Progreso;Carlos Gómez;60;Senior;Alta
8753;2022-07-12;2022-08-02;2;Redes;Soluciones Tecnológicas;24;164;Cerrado;Carlos Gómez;60;Senior;Alta
8829;2022-12-06;2023-08-01;1;Hardware;Sistemas Ecológicos;24;130;Abierto;Carlos Gómez;60;Senior;Alta
8959;2022-02-23;2023-01-06;4;Seguridad;Soluciones Tecnológicas;24;164;Cerrado;Carlos Gómez;60;Senior;Baja
8972;2022-02-02;2022-09-04;2;Software;Avances Continuos;36;134;En Progreso;Carlos Gómez;60;Senior;Urgente
8979;2022-03-17;2022-07-10;3;Redes;Sistemas Ecológicos;24;130;En Progreso;Carlos Gómez;60;Senior;Baja
9005;2022-02-16;2022-12-31;1;Software;Avances Continuos;36;134;En Progreso;Carlos Gómez;60;Senior;Alta
9038;2022-02-18;2022-07-09;4;Hardware;Sostenibilidad y Progreso;48;141;Cerrado;Carlos Gómez;60;Senior;Media
9170;2022-01-25;2023-01-17;5;Redes;Avances Continuos;36;134;Abierto;Carlos Gómez;60;Senior;Media
9183;2022-09-02;2023-01-07;5;Software;Soluciones Tecnológicas;24;164;En Progreso;Carlos Gómez;60;Senior;Baja
9198;2022-11-23;2023-10-31;3;Hardware;Sostenibilidad y Progreso;48;141;En Progreso;Carlos Gómez;60;Senior;Media
9200;2022-08-24;2022-09-10;3;Seguridad;Visión Futurista;72;196;Cerrado;Carlos Gómez;60;Senior;Baja
9201;2022-06-08;2022-08-29;3;Redes;Visión Futurista;72;196;Abierto;Carlos Gómez;60;Senior;Urgente
9206;2022-04-03;2023-03-13;3;Hardware;Sostenibilidad y Progreso;48;141;Cerrado;Carlos Gómez;60;Senior;Baja
9219;2022-05-01;2023-03-12;1;Redes;Inteligencia de Datos;72;195;Cerrado;Carlos Gómez;60;Senior;Media
9282;2022-11-01;2022-12-03;4;Software;Avances Continuos;36;134;Abierto;Carlos Gómez;60;Senior;Alta
9305;2022-10-17;2023-02-05;5;Software;Servicios Globales;36;195;Abierto;Carlos Gómez;60;Senior;Baja
9327;2022-03-08;2022-04-15;2;Software;Visión Futurista;72;196;En Progreso;Carlos Gómez;60;Senior;Urgente
9405;2022-07-27;2023-03-31;5;Hardware;Creatividad y Desarrollo;24;114;En Progreso;Carlos Gómez;60;Senior;Baja
9455;2022-10-06;2023-02-04;5;Seguridad;Redes Seguras;48;179;Cerrado;Carlos Gómez;60;Senior;Baja
9476;2022-04-10;2022-05-29;3;Software;Visión Futurista;72;196;Abierto;Carlos Gómez;60;Senior;Alta
9485;2022-06-29;2023-04-06;5;Seguridad;Redes Seguras;48;179;En Progreso;Carlos Gómez;60;Senior;Urgente
9498;2022-12-24;2023-09-29;3;Software;Innovaciones Creativas;48;156;Abierto;Carlos Gómez;60;Senior;Baja
9532;2022-04-28;2022-05-26;4;Redes;Inteligencia de Datos;72;195;Abierto;Carlos Gómez;60;Senior;Urgente
9559;2022-01-12;2022-04-26;5;Redes;Visión Futurista;72;196;Abierto;Carlos Gómez;60;Senior;Media
9560;2022-08-24;2022-10-16;3;Seguridad;Servicios Globales;36;195;Cerrado;Carlos Gómez;60;Senior;Baja
9577;2022-05-23;2022-12-05;4;Software;Inteligencia de Datos;72;195;Cerrado;Carlos Gómez;60;Senior;Alta
9585;2022-10-27;2023-05-10;2;Hardware;Sostenibilidad y Progreso;48;141;Cerrado;Carlos Gómez;60;Senior;Urgente
9672;2022-06-18;2023-02-23;1;Seguridad;Sistemas Ecológicos;24;130;Cerrado;Carlos Gómez;60;Senior;Baja
9723;2022-09-08;2023-07-08;4;Redes;Sostenibilidad y Progreso;48;141;En Progreso;Carlos Gómez;60;Senior;Urgente
9858;2022-08-05;2022-12-29;5;Seguridad;Soluciones Tecnológicas;24;164;Cerrado;Carlos Gómez;60;Senior;Alta
9879;2022-02-06;2022-12-03;5;Hardware;Inteligencia de Datos;72;195;Abierto;Carlos Gómez;60;Senior;Media
9925;2022-08-15;2023-08-10;2;Seguridad;Servicios Globales;36;195;En Progreso;Carlos Gómez;60;Senior;Urgente
9933;2022-04-29;2022-06-08;2;Redes;Redes Seguras;48;179;Abierto;Carlos Gómez;60;Senior;Baja
9962;2022-12-14;2023-08-14;3;Software;Avances Continuos;36;134;Abierto;Carlos Gómez;60;Senior;Media
44;2022-04-11;2023-04-08;3;Redes;Avances Continuos;36;134;En Progreso;Sofía Navarro;70;Senior;Urgente
115;2022-10-14;2023-04-18;1;Redes;Avances Continuos;36;134;En Progreso;Sofía Navarro;70;Senior;Media
304;2022-11-22;2023-07-12;1;Seguridad;Sistemas Ecológicos;24;130;En Progreso;Sofía Navarro;70;Senior;Baja
384;2022-06-21;2023-02-18;5;Software;Soluciones Tecnológicas;24;164;En Progreso;Sofía Navarro;70;Senior;Alta
422;2022-02-12;2022-02-21;1;Software;Avances Continuos;36;134;En Progreso;Sofía Navarro;70;Senior;Alta
424;2022-09-18;2023-07-16;2;Software;Innovaciones Creativas;48;156;En Progreso;Sofía Navarro;70;Senior;Media
508;2022-05-01;2022-07-31;1;Software;Visión Futurista;72;196;En Progreso;Sofía Navarro;70;Senior;Urgente
549;2022-07-08;2022-09-26;4;Seguridad;Innovaciones Creativas;48;156;En Progreso;Sofía Navarro;70;Senior;Alta
586;2022-12-28;2023-08-16;1;Seguridad;Visión Futurista;72;196;En Progreso;Sofía Navarro;70;Senior;Urgente
866;2022-12-10;2023-04-11;4;Seguridad;Avances Continuos;36;134;En Progreso;Sofía Navarro;70;Senior;Alta
895;2022-03-14;2022-09-10;2;Hardware;Creatividad y Desarrollo;24;114;En Progreso;Sofía Navarro;70;Senior;Alta
1029;2022-02-15;2022-03-25;5;Software;Servicios Globales;36;195;En Progreso;Sofía Navarro;70;Senior;Baja
1154;2022-10-05;2023-03-03;5;Software;Servicios Globales;36;195;En Progreso;Sofía Navarro;70;Senior;Urgente
1195;2022-07-27;2022-10-31;5;Software;Redes Seguras;48;179;En Progreso;Sofía Navarro;70;Senior;Baja
1209;2022-09-29;2023-01-05;3;Redes;Sistemas Ecológicos;24;130;En Progreso;Sofía Navarro;70;Senior;Baja
1247;2022-10-06;2023-05-30;1;Hardware;Servicios Globales;36;195;En Progreso;Sofía Navarro;70;Senior;Media
1259;2022-03-10;2022-10-23;1;Seguridad;Redes Seguras;48;179;En Progreso;Sofía Navarro;70;Senior;Alta
1268;2022-10-28;2023-06-29;5;Hardware;Redes Seguras;48;179;En Progreso;Sofía Navarro;70;Senior;Media
1771;2022-09-15;2022-10-01;4;Software;Visión Futurista;72;196;En Progreso;Sofía Navarro;70;Senior;Baja
1805;2022-01-03;2022-11-23;2;Seguridad;Avances Continuos;36;134;En Progreso;Sofía Navarro;70;Senior;Alta
1854;2022-03-11;2022-08-15;1;Software;Soluciones Tecnológicas;24;164;En Progreso;Sofía Navarro;70;Senior;Alta
2003;2022-07-07;2023-02-28;1;Redes;Sostenibilidad y Progreso;48;141;En Progreso;Sofía Navarro;70;Senior;Alta
2243;2022-11-15;2022-12-05;5;Hardware;Sistemas Ecológicos;24;130;En Progreso;Sofía Navarro;70;Senior;Baja
2289;2022-02-08;2022-04-05;2;Seguridad;Sostenibilidad y Progreso;48;141;En Progreso;Sofía Navarro;70;Senior;Alta
2345;2022-10-13;2022-11-05;2;Hardware;Innovaciones Creativas;48;156;En Progreso;Sofía Navarro;70;Senior;Alta
2578;2022-05-05;2022-11-19;2;Software;Sistemas Ecológicos;24;130;En Progreso;Sofía Navarro;70;Senior;Baja
2796;2022-07-03;2022-08-03;3;Hardware;Avances Continuos;36;134;En Progreso;Sofía Navarro;70;Senior;Urgente
2950;2022-04-21;2022-06-10;1;Redes;Inteligencia de Datos;72;195;En Progreso;Sofía Navarro;70;Senior;Baja
2985;2022-02-20;2022-11-18;4;Software;Sostenibilidad y Progreso;48;141;En Progreso;Sofía Navarro;70;Senior;Baja
3180;2022-02-01;2022-11-30;3;Seguridad;Sistemas Ecológicos;24;130;En Progreso;Sofía Navarro;70;Senior;Media
3407;2022-12-22;2023-03-19;2;Software;Servicios Globales;36;195;En Progreso;Sofía Navarro;70;Senior;Urgente
3696;2022-11-01;2022-11-16;5;Software;Avances Continuos;36;134;En Progreso;Sofía Navarro;70;Senior;Urgente
3749;2022-09-05;2022-09-08;5;Seguridad;Avances Continuos;36;134;En Progreso;Sofía Navarro;70;Senior;Urgente
4118;2022-04-23;2023-02-03;1;Redes;Soluciones Tecnológicas;24;164;En Progreso;Sofía Navarro;70;Senior;Urgente
4160;2022-05-18;2022-12-31;3;Redes;Visión Futurista;72;196;En Progreso;Sofía Navarro;70;Senior;Alta
4827;2022-08-14;2022-12-10;1;Redes;Soluciones Tecnológicas;24;164;En Progreso;Sofía Navarro;70;Senior;Alta
4907;2022-07-06;2023-03-31;3;Seguridad;Redes Seguras;48;179;En Progreso;Sofía Navarro;70;Senior;Media
5076;2022-04-28;2023-03-10;5;Software;Soluciones Tecnológicas;24;164;En Progreso;Sofía Navarro;70;Senior;Urgente
5100;2022-04-09;2022-12-11;4;Hardware;Creatividad y Desarrollo;24;114;En Progreso;Sofía Navarro;70;Senior;Alta
5124;2022-01-07;2022-04-07;3;Redes;Servicios Globales;36;195;En Progreso;Sofía Navarro;70;Senior;Baja
5161;2022-07-20;2023-02-05;2;Hardware;Soluciones Tecnológicas;24;164;En Progreso;Sofía Navarro;70;Senior;Alta
5194;2022-04-28;2022-11-09;2;Hardware;Redes Seguras;48;179;En Progreso;Sofía Navarro;70;Senior;Urgente
5704;2022-08-22;2022-11-05;4;Redes;Creatividad y Desarrollo;24;114;En Progreso;Sofía Navarro;70;Senior;Baja
5712;2022-04-09;2022-08-20;2;Redes;Sostenibilidad y Progreso;48;141;En Progreso;Sofía Navarro;70;Senior;Media
5902;2022-05-04;2023-01-08;3;Hardware;Servicios Globales;36;195;En Progreso;Sofía Navarro;70;Senior;Alta
5976;2022-07-12;2023-07-03;2;Hardware;Avances Continuos;36;134;En Progreso;Sofía Navarro;70;Senior;Media
6158;2022-05-30;2023-05-21;5;Redes;Avances Continuos;36;134;En Progreso;Sofía Navarro;70;Senior;Alta
6218;2022-10-13;2023-05-04;2;Redes;Servicios Globales;36;195;En Progreso;Sofía Navarro;70;Senior;Alta
6348;2022-07-28;2023-02-15;2;Seguridad;Servicios Globales;36;195;En Progreso;Sofía Navarro;70;Senior;Urgente
6393;2022-11-24;2023-01-12;5;Redes;Visión Futurista;72;196;En Progreso;Sofía Navarro;70;Senior;Baja
6502;2022-05-01;2023-03-01;5;Hardware;Inteligencia de Datos;72;195;En Progreso;Sofía Navarro;70;Senior;Baja
6505;2022-09-05;2022-12-24;2;Software;Soluciones Tecnológicas;24;164;En Progreso;Sofía Navarro;70;Senior;Baja
6639;2022-02-03;2022-08-03;1;Seguridad;Soluciones Tecnológicas;24;164;En Progreso;Sofía Navarro;70;Senior;Alta
6709;2022-03-12;2022-11-07;3;Hardware;Redes Seguras;48;179;En Progreso;Sofía Navarro;70;Senior;Urgente
6826;2022-10-30;2022-12-11;1;Software;Soluciones Tecnológicas;24;164;En Progreso;Sofía Navarro;70;Senior;Alta
7008;2022-05-17;2022-07-16;1;Redes;Visión Futurista;72;196;En Progreso;Sofía Navarro;70;Senior;Urgente
7009;2022-12-05;2023-05-19;3;Seguridad;Soluciones Tecnológicas;24;164;En Progreso;Sofía Navarro;70;Senior;Media
7140;2022-08-15;2022-12-17;3;Seguridad;Avances Continuos;36;134;En Progreso;Sofía Navarro;70;Senior;Urgente
7246;2022-07-17;2022-10-02;1;Seguridad;Inteligencia de Datos;72;195;En Progreso;Sofía Navarro;70;Senior;Alta
7649;2022-03-08;2023-02-14;4;Hardware;Sistemas Ecológicos;24;130;En Progreso;Sofía Navarro;70;Senior;Baja
7805;2022-03-30;2022-04-29;2;Hardware;Visión Futurista;72;196;En Progreso;Sofía Navarro;70;Senior;Media
7977;2022-10-02;2023-06-07;2;Redes;Visión Futurista;72;196;En Progreso;Sofía Navarro;70;Senior;Media
8175;2022-02-23;2022-10-13;4;Seguridad;Sistemas Ecológicos;24;130;En Progreso;Sofía Navarro;70;Senior;Baja
8212;2022-03-23;2022-07-25;1;Software;Soluciones Tecnológicas;24;164;En Progreso;Sofía Navarro;70;Senior;Urgente
8382;2022-07-17;2023-02-04;4;Software;Sostenibilidad y Progreso;48;141;En Progreso;Sofía Navarro;70;Senior;Baja
8594;2022-03-25;2022-10-18;3;Software;Creatividad y Desarrollo;24;114;En Progreso;Sofía Navarro;70;Senior;Alta
8752;2022-04-22;2022-12-09;2;Hardware;Creatividad y Desarrollo;24;114;En Progreso;Sofía Navarro;70;Senior;Alta
8783;2022-12-28;2023-01-30;5;Hardware;Innovaciones Creativas;48;156;En Progreso;Sofía Navarro;70;Senior;Alta
8830;2022-09-01;2023-05-02;4;Software;Inteligencia de Datos;72;195;En Progreso;Sofía Navarro;70;Senior;Baja
9130;2022-05-30;2023-01-29;1;Redes;Servicios Globales;36;195;En Progreso;Sofía Navarro;70;Senior;Baja
9179;2022-03-01;2022-05-13;5;Software;Sistemas Ecológicos;24;130;En Progreso;Sofía Navarro;70;Senior;Baja
9350;2022-09-23;2023-06-11;1;Hardware;Soluciones Tecnológicas;24;164;En Progreso;Sofía Navarro;70;Senior;Media
9804;2022-08-07;2023-01-01;3;Software;Sostenibilidad y Progreso;48;141;En Progreso;Sofía Navarro;70;Senior;Baja
21;2022-03-16;2022-03-27;2;Redes;Redes Seguras;48;179;Abierto;Sofía Navarro;70;Senior;Baja
293;2022-08-14;2023-06-24;4;Software;Innovaciones Creativas;48;156;Abierto;Sofía Navarro;70;Senior;Media
537;2022-04-05;2022-05-31;3;Redes;Redes Seguras;48;179;Abierto;Sofía Navarro;70;Senior;Media
606;2022-01-02;2022-03-05;4;Software;Visión Futurista;72;196;Abierto;Sofía Navarro;70;Senior;Urgente
613;2022-08-11;2023-01-02;2;Hardware;Sistemas Ecológicos;24;130;Abierto;Sofía Navarro;70;Senior;Media
766;2022-02-09;2023-01-08;3;Seguridad;Innovaciones Creativas;48;156;Abierto;Sofía Navarro;70;Senior;Alta
1094;2022-09-23;2023-02-25;1;Hardware;Sostenibilidad y Progreso;48;141;Abierto;Sofía Navarro;70;Senior;Urgente
1254;2022-08-04;2022-11-03;3;Redes;Creatividad y Desarrollo;24;114;Abierto;Sofía Navarro;70;Senior;Baja
1356;2022-03-15;2022-06-23;1;Redes;Redes Seguras;48;179;Abierto;Sofía Navarro;70;Senior;Urgente
1366;2022-11-06;2023-06-27;3;Seguridad;Sistemas Ecológicos;24;130;Abierto;Sofía Navarro;70;Senior;Alta
1659;2022-03-26;2022-10-23;5;Redes;Inteligencia de Datos;72;195;Abierto;Sofía Navarro;70;Senior;Baja
1833;2022-03-11;2022-11-06;3;Seguridad;Innovaciones Creativas;48;156;Abierto;Sofía Navarro;70;Senior;Baja
1938;2022-08-14;2022-09-18;5;Software;Inteligencia de Datos;72;195;Abierto;Sofía Navarro;70;Senior;Baja
2043;2022-11-24;2022-12-21;2;Seguridad;Inteligencia de Datos;72;195;Abierto;Sofía Navarro;70;Senior;Baja
2103;2022-03-11;2023-01-01;5;Redes;Innovaciones Creativas;48;156;Abierto;Sofía Navarro;70;Senior;Alta
2123;2022-08-28;2022-09-06;2;Redes;Avances Continuos;36;134;Abierto;Sofía Navarro;70;Senior;Urgente
2154;2022-08-31;2022-11-17;3;Hardware;Inteligencia de Datos;72;195;Abierto;Sofía Navarro;70;Senior;Urgente
2171;2022-09-01;2023-06-08;4;Software;Creatividad y Desarrollo;24;114;Abierto;Sofía Navarro;70;Senior;Media
2186;2022-10-11;2023-04-05;3;Hardware;Servicios Globales;36;195;Abierto;Sofía Navarro;70;Senior;Media
2201;2022-10-04;2023-08-29;5;Redes;Avances Continuos;36;134;Abierto;Sofía Navarro;70;Senior;Media
2264;2022-07-03;2022-12-30;2;Redes;Redes Seguras;48;179;Abierto;Sofía Navarro;70;Senior;Alta
2421;2022-05-08;2022-12-14;5;Redes;Redes Seguras;48;179;Abierto;Sofía Navarro;70;Senior;Urgente
2763;2022-11-09;2023-11-05;1;Hardware;Visión Futurista;72;196;Abierto;Sofía Navarro;70;Senior;Media
2844;2022-08-30;2023-08-06;5;Hardware;Creatividad y Desarrollo;24;114;Abierto;Sofía Navarro;70;Senior;Urgente
2863;2022-01-12;2022-07-11;2;Seguridad;Avances Continuos;36;134;Abierto;Sofía Navarro;70;Senior;Alta
2995;2022-12-03;2023-11-07;4;Hardware;Soluciones Tecnológicas;24;164;Abierto;Sofía Navarro;70;Senior;Alta
3062;2022-07-12;2023-06-21;2;Hardware;Innovaciones Creativas;48;156;Abierto;Sofía Navarro;70;Senior;Urgente
3405;2022-04-26;2022-08-22;1;Redes;Sostenibilidad y Progreso;48;141;Abierto;Sofía Navarro;70;Senior;Urgente
3658;2022-08-31;2022-10-22;2;Software;Sistemas Ecológicos;24;130;Abierto;Sofía Navarro;70;Senior;Baja
3711;2022-03-28;2022-12-27;1;Software;Innovaciones Creativas;48;156;Abierto;Sofía Navarro;70;Senior;Alta
3843;2022-08-30;2022-12-27;1;Software;Innovaciones Creativas;48;156;Abierto;Sofía Navarro;70;Senior;Baja
3963;2022-03-07;2022-09-05;5;Seguridad;Soluciones Tecnológicas;24;164;Abierto;Sofía Navarro;70;Senior;Alta
4049;2022-08-04;2023-03-04;5;Software;Visión Futurista;72;196;Abierto;Sofía Navarro;70;Senior;Baja
4205;2022-04-30;2022-09-11;2;Software;Sistemas Ecológicos;24;130;Abierto;Sofía Navarro;70;Senior;Alta
4880;2022-09-20;2023-09-13;4;Seguridad;Innovaciones Creativas;48;156;Abierto;Sofía Navarro;70;Senior;Alta
5005;2022-07-16;2023-01-31;3;Redes;Creatividad y Desarrollo;24;114;Abierto;Sofía Navarro;70;Senior;Urgente
5181;2022-07-01;2022-11-13;5;Software;Soluciones Tecnológicas;24;164;Abierto;Sofía Navarro;70;Senior;Baja
5219;2022-10-13;2023-09-03;2;Software;Sistemas Ecológicos;24;130;Abierto;Sofía Navarro;70;Senior;Urgente
5476;2022-01-20;2022-06-29;1;Redes;Inteligencia de Datos;72;195;Abierto;Sofía Navarro;70;Senior;Baja
5512;2022-01-27;2022-06-11;1;Hardware;Servicios Globales;36;195;Abierto;Sofía Navarro;70;Senior;Baja
5599;2022-07-12;2022-10-17;5;Software;Sistemas Ecológicos;24;130;Abierto;Sofía Navarro;70;Senior;Urgente
5669;2022-03-14;2022-09-12;1;Redes;Sostenibilidad y Progreso;48;141;Abierto;Sofía Navarro;70;Senior;Baja
5674;2022-07-14;2023-03-16;2;Hardware;Creatividad y Desarrollo;24;114;Abierto;Sofía Navarro;70;Senior;Media
5682;2022-03-07;2022-09-24;4;Seguridad;Avances Continuos;36;134;Abierto;Sofía Navarro;70;Senior;Alta
5856;2022-07-05;2022-11-09;3;Hardware;Sostenibilidad y Progreso;48;141;Abierto;Sofía Navarro;70;Senior;Baja
5987;2022-12-01;2023-05-23;5;Hardware;Creatividad y Desarrollo;24;114;Abierto;Sofía Navarro;70;Senior;Media
6035;2022-02-20;2022-05-08;1;Redes;Creatividad y Desarrollo;24;114;Abierto;Sofía Navarro;70;Senior;Urgente
6238;2022-06-07;2022-12-26;4;Software;Sistemas Ecológicos;24;130;Abierto;Sofía Navarro;70;Senior;Media
6449;2022-02-10;2022-04-27;1;Hardware;Innovaciones Creativas;48;156;Abierto;Sofía Navarro;70;Senior;Media
6487;2022-01-17;2022-02-01;4;Software;Redes Seguras;48;179;Abierto;Sofía Navarro;70;Senior;Baja
6581;2022-08-24;2022-12-10;4;Redes;Sostenibilidad y Progreso;48;141;Abierto;Sofía Navarro;70;Senior;Media
6585;2022-04-22;2022-11-06;3;Software;Visión Futurista;72;196;Abierto;Sofía Navarro;70;Senior;Alta
6649;2022-08-31;2023-03-24;1;Redes;Avances Continuos;36;134;Abierto;Sofía Navarro;70;Senior;Media
6817;2022-10-01;2022-10-18;4;Redes;Sistemas Ecológicos;24;130;Abierto;Sofía Navarro;70;Senior;Media
7160;2022-05-15;2022-07-13;5;Redes;Redes Seguras;48;179;Abierto;Sofía Navarro;70;Senior;Alta
7192;2022-05-04;2022-11-12;2;Software;Soluciones Tecnológicas;24;164;Abierto;Sofía Navarro;70;Senior;Media
7208;2022-07-08;2023-06-28;3;Seguridad;Visión Futurista;72;196;Abierto;Sofía Navarro;70;Senior;Alta
7333;2022-01-29;2022-03-01;2;Hardware;Creatividad y Desarrollo;24;114;Abierto;Sofía Navarro;70;Senior;Alta
7375;2022-01-25;2022-03-27;2;Software;Avances Continuos;36;134;Abierto;Sofía Navarro;70;Senior;Urgente
7488;2022-10-13;2023-09-28;3;Hardware;Innovaciones Creativas;48;156;Abierto;Sofía Navarro;70;Senior;Baja
7630;2022-01-27;2022-12-21;2;Software;Sistemas Ecológicos;24;130;Abierto;Sofía Navarro;70;Senior;Alta
7703;2022-08-17;2023-02-27;2;Hardware;Soluciones Tecnológicas;24;164;Abierto;Sofía Navarro;70;Senior;Urgente
7813;2022-04-14;2022-10-06;5;Software;Sostenibilidad y Progreso;48;141;Abierto;Sofía Navarro;70;Senior;Baja
7824;2022-08-27;2023-02-03;3;Software;Avances Continuos;36;134;Abierto;Sofía Navarro;70;Senior;Urgente
7919;2022-02-10;2022-04-26;2;Hardware;Servicios Globales;36;195;Abierto;Sofía Navarro;70;Senior;Urgente
8034;2022-04-18;2022-11-09;4;Hardware;Sistemas Ecológicos;24;130;Abierto;Sofía Navarro;70;Senior;Alta
8038;2022-04-27;2022-10-28;2;Hardware;Visión Futurista;72;196;Abierto;Sofía Navarro;70;Senior;Baja
8116;2022-01-30;2022-09-12;5;Hardware;Inteligencia de Datos;72;195;Abierto;Sofía Navarro;70;Senior;Media
8123;2022-09-04;2023-05-25;2;Software;Soluciones Tecnológicas;24;164;Abierto;Sofía Navarro;70;Senior;Urgente
8328;2022-08-05;2023-04-18;2;Seguridad;Soluciones Tecnológicas;24;164;Abierto;Sofía Navarro;70;Senior;Baja
8383;2022-01-22;2022-08-24;5;Hardware;Innovaciones Creativas;48;156;Abierto;Sofía Navarro;70;Senior;Urgente
8429;2022-04-17;2023-01-23;5;Redes;Inteligencia de Datos;72;195;Abierto;Sofía Navarro;70;Senior;Alta
8682;2022-07-22;2022-09-24;2;Hardware;Soluciones Tecnológicas;24;164;Abierto;Sofía Navarro;70;Senior;Baja
8825;2022-05-05;2022-06-16;5;Seguridad;Visión Futurista;72;196;Abierto;Sofía Navarro;70;Senior;Baja
8833;2022-11-13;2023-03-29;4;Redes;Visión Futurista;72;196;Abierto;Sofía Navarro;70;Senior;Alta
8912;2022-11-28;2023-09-13;3;Software;Redes Seguras;48;179;Abierto;Sofía Navarro;70;Senior;Media
9010;2022-04-04;2023-01-14;2;Software;Soluciones Tecnológicas;24;164;Abierto;Sofía Navarro;70;Senior;Urgente
9018;2022-06-25;2023-04-01;1;Hardware;Avances Continuos;36;134;Abierto;Sofía Navarro;70;Senior;Alta
9039;2022-10-12;2023-08-01;4;Redes;Redes Seguras;48;179;Abierto;Sofía Navarro;70;Senior;Alta
9052;2022-10-15;2023-05-30;5;Redes;Soluciones Tecnológicas;24;164;Abierto;Sofía Navarro;70;Senior;Baja
9055;2022-10-27;2022-11-14;2;Seguridad;Creatividad y Desarrollo;24;114;Abierto;Sofía Navarro;70;Senior;Baja
9141;2022-05-10;2022-12-05;4;Redes;Innovaciones Creativas;48;156;Abierto;Sofía Navarro;70;Senior;Urgente
9278;2022-08-24;2023-04-13;4;Redes;Inteligencia de Datos;72;195;Abierto;Sofía Navarro;70;Senior;Urgente
9317;2022-09-10;2022-09-30;3;Seguridad;Inteligencia de Datos;72;195;Abierto;Sofía Navarro;70;Senior;Media
9380;2022-12-25;2023-05-26;4;Seguridad;Innovaciones Creativas;48;156;Abierto;Sofía Navarro;70;Senior;Media
9492;2022-12-02;2023-02-06;4;Redes;Sistemas Ecológicos;24;130;Abierto;Sofía Navarro;70;Senior;Media
9660;2022-09-02;2023-08-16;4;Redes;Sistemas Ecológicos;24;130;Abierto;Sofía Navarro;70;Senior;Media
9816;2022-04-22;2022-05-20;4;Software;Avances Continuos;36;134;Abierto;Sofía Navarro;70;Senior;Urgente
9906;2022-08-15;2023-07-07;3;Hardware;Soluciones Tecnológicas;24;164;Abierto;Sofía Navarro;70;Senior;Alta
9993;2022-05-18;2022-11-06;3;Software;Innovaciones Creativas;48;156;Abierto;Sofía Navarro;70;Senior;Media
15;2022-05-21;2023-05-20;4;Software;Visión Futurista;72;196;Cerrado;Sofía Navarro;70;Senior;Urgente
133;2022-10-25;2022-11-21;1;Seguridad;Creatividad y Desarrollo;24;114;Cerrado;Sofía Navarro;70;Senior;Baja
430;2022-07-24;2023-06-27;1;Software;Sistemas Ecológicos;24;130;Cerrado;Sofía Navarro;70;Senior;Alta
501;2022-11-05;2023-04-01;3;Hardware;Sistemas Ecológicos;24;130;Cerrado;Sofía Navarro;70;Senior;Baja
597;2022-12-01;2023-02-15;2;Seguridad;Innovaciones Creativas;48;156;Cerrado;Sofía Navarro;70;Senior;Alta
615;2022-07-01;2022-12-17;5;Seguridad;Inteligencia de Datos;72;195;Cerrado;Sofía Navarro;70;Senior;Urgente
696;2022-11-01;2023-02-04;4;Hardware;Sistemas Ecológicos;24;130;Cerrado;Sofía Navarro;70;Senior;Alta
993;2022-04-26;2022-07-15;5;Redes;Creatividad y Desarrollo;24;114;Cerrado;Sofía Navarro;70;Senior;Media
1070;2022-09-19;2023-03-11;5;Redes;Sostenibilidad y Progreso;48;141;Cerrado;Sofía Navarro;70;Senior;Alta
1170;2022-04-04;2022-09-16;4;Software;Sostenibilidad y Progreso;48;141;Cerrado;Sofía Navarro;70;Senior;Media
1241;2022-11-08;2023-02-17;4;Software;Soluciones Tecnológicas;24;164;Cerrado;Sofía Navarro;70;Senior;Baja
1260;2022-02-16;2022-03-21;2;Software;Soluciones Tecnológicas;24;164;Cerrado;Sofía Navarro;70;Senior;Alta
1305;2022-07-03;2022-09-14;5;Redes;Creatividad y Desarrollo;24;114;Cerrado;Sofía Navarro;70;Senior;Alta
1336;2022-01-05;2022-02-07;4;Seguridad;Avances Continuos;36;134;Cerrado;Sofía Navarro;70;Senior;Baja
1482;2022-07-23;2023-04-18;4;Software;Servicios Globales;36;195;Cerrado;Sofía Navarro;70;Senior;Urgente
1497;2022-09-12;2023-07-26;4;Redes;Inteligencia de Datos;72;195;Cerrado;Sofía Navarro;70;Senior;Media
1525;2022-03-24;2022-08-23;5;Hardware;Avances Continuos;36;134;Cerrado;Sofía Navarro;70;Senior;Alta
1575;2022-06-03;2023-01-18;1;Hardware;Visión Futurista;72;196;Cerrado;Sofía Navarro;70;Senior;Urgente
1612;2022-09-14;2023-01-18;5;Software;Inteligencia de Datos;72;195;Cerrado;Sofía Navarro;70;Senior;Baja
1765;2022-08-31;2023-07-06;4;Seguridad;Creatividad y Desarrollo;24;114;Cerrado;Sofía Navarro;70;Senior;Alta
1774;2022-05-18;2022-06-19;3;Redes;Servicios Globales;36;195;Cerrado;Sofía Navarro;70;Senior;Baja
1790;2022-09-11;2023-06-17;3;Seguridad;Creatividad y Desarrollo;24;114;Cerrado;Sofía Navarro;70;Senior;Media
1843;2022-12-05;2023-02-27;4;Hardware;Creatividad y Desarrollo;24;114;Cerrado;Sofía Navarro;70;Senior;Urgente
1901;2022-05-23;2023-05-16;4;Seguridad;Inteligencia de Datos;72;195;Cerrado;Sofía Navarro;70;Senior;Baja
2007;2022-10-30;2023-09-24;3;Software;Creatividad y Desarrollo;24;114;Cerrado;Sofía Navarro;70;Senior;Urgente
2155;2022-04-21;2023-04-05;5;Software;Innovaciones Creativas;48;156;Cerrado;Sofía Navarro;70;Senior;Baja
2354;2022-11-01;2022-12-20;5;Seguridad;Sostenibilidad y Progreso;48;141;Cerrado;Sofía Navarro;70;Senior;Urgente
2488;2022-02-02;2022-07-21;3;Software;Avances Continuos;36;134;Cerrado;Sofía Navarro;70;Senior;Media
2570;2022-01-28;2022-08-24;1;Redes;Soluciones Tecnológicas;24;164;Cerrado;Sofía Navarro;70;Senior;Media
2735;2022-12-25;2023-01-04;1;Software;Sistemas Ecológicos;24;130;Cerrado;Sofía Navarro;70;Senior;Media
2765;2022-10-10;2022-12-30;1;Hardware;Sostenibilidad y Progreso;48;141;Cerrado;Sofía Navarro;70;Senior;Baja
2818;2022-04-10;2022-08-22;5;Software;Creatividad y Desarrollo;24;114;Cerrado;Sofía Navarro;70;Senior;Urgente
2921;2022-09-10;2023-08-02;2;Redes;Sostenibilidad y Progreso;48;141;Cerrado;Sofía Navarro;70;Senior;Urgente
3191;2022-07-24;2023-02-21;5;Seguridad;Redes Seguras;48;179;Cerrado;Sofía Navarro;70;Senior;Urgente
3685;2022-10-08;2023-01-01;2;Software;Servicios Globales;36;195;Cerrado;Sofía Navarro;70;Senior;Urgente
3689;2022-11-11;2023-08-02;3;Software;Sostenibilidad y Progreso;48;141;Cerrado;Sofía Navarro;70;Senior;Urgente
3895;2022-12-27;2023-07-24;3;Redes;Creatividad y Desarrollo;24;114;Cerrado;Sofía Navarro;70;Senior;Baja
3962;2022-06-01;2022-10-18;2;Hardware;Redes Seguras;48;179;Cerrado;Sofía Navarro;70;Senior;Urgente
4143;2022-07-26;2022-09-12;2;Software;Soluciones Tecnológicas;24;164;Cerrado;Sofía Navarro;70;Senior;Media
4382;2022-04-21;2023-03-07;1;Hardware;Sostenibilidad y Progreso;48;141;Cerrado;Sofía Navarro;70;Senior;Media
4437;2022-10-11;2023-08-20;5;Seguridad;Sostenibilidad y Progreso;48;141;Cerrado;Sofía Navarro;70;Senior;Urgente
4522;2022-03-17;2022-07-24;3;Hardware;Soluciones Tecnológicas;24;164;Cerrado;Sofía Navarro;70;Senior;Media
4571;2022-07-26;2022-08-08;1;Redes;Redes Seguras;48;179;Cerrado;Sofía Navarro;70;Senior;Alta
4577;2022-07-20;2023-01-19;4;Hardware;Visión Futurista;72;196;Cerrado;Sofía Navarro;70;Senior;Media
4810;2022-06-20;2023-05-07;3;Software;Visión Futurista;72;196;Cerrado;Sofía Navarro;70;Senior;Baja
4957;2022-07-30;2023-05-16;1;Redes;Creatividad y Desarrollo;24;114;Cerrado;Sofía Navarro;70;Senior;Baja
5027;2022-11-02;2022-11-15;2;Seguridad;Servicios Globales;36;195;Cerrado;Sofía Navarro;70;Senior;Alta
5113;2022-04-24;2022-09-25;1;Software;Soluciones Tecnológicas;24;164;Cerrado;Sofía Navarro;70;Senior;Baja
5179;2022-01-27;2022-11-27;4;Hardware;Servicios Globales;36;195;Cerrado;Sofía Navarro;70;Senior;Urgente
5252;2022-03-27;2022-05-31;1;Seguridad;Sistemas Ecológicos;24;130;Cerrado;Sofía Navarro;70;Senior;Media
5343;2022-09-11;2023-05-07;4;Hardware;Servicios Globales;36;195;Cerrado;Sofía Navarro;70;Senior;Baja
5439;2022-02-12;2022-09-22;3;Hardware;Soluciones Tecnológicas;24;164;Cerrado;Sofía Navarro;70;Senior;Alta
5500;2022-03-18;2022-07-18;3;Redes;Sostenibilidad y Progreso;48;141;Cerrado;Sofía Navarro;70;Senior;Baja
5912;2022-02-23;2022-05-01;4;Redes;Sistemas Ecológicos;24;130;Cerrado;Sofía Navarro;70;Senior;Baja
6290;2022-01-19;2022-01-31;1;Hardware;Visión Futurista;72;196;Cerrado;Sofía Navarro;70;Senior;Alta
6312;2022-11-26;2023-08-20;1;Software;Visión Futurista;72;196;Cerrado;Sofía Navarro;70;Senior;Media
6621;2022-08-30;2023-02-02;1;Redes;Redes Seguras;48;179;Cerrado;Sofía Navarro;70;Senior;Alta
6672;2022-09-25;2023-02-17;4;Redes;Innovaciones Creativas;48;156;Cerrado;Sofía Navarro;70;Senior;Alta
6833;2022-03-10;2023-01-26;1;Software;Visión Futurista;72;196;Cerrado;Sofía Navarro;70;Senior;Baja
6866;2022-03-16;2022-04-30;4;Redes;Soluciones Tecnológicas;24;164;Cerrado;Sofía Navarro;70;Senior;Urgente
6893;2022-07-05;2023-06-01;1;Software;Redes Seguras;48;179;Cerrado;Sofía Navarro;70;Senior;Urgente
7220;2022-04-04;2022-12-12;2;Software;Avances Continuos;36;134;Cerrado;Sofía Navarro;70;Senior;Alta
7251;2022-05-31;2023-02-06;3;Software;Inteligencia de Datos;72;195;Cerrado;Sofía Navarro;70;Senior;Media
7466;2022-07-15;2023-02-27;3;Redes;Avances Continuos;36;134;Cerrado;Sofía Navarro;70;Senior;Baja
7621;2022-07-31;2023-05-25;5;Software;Soluciones Tecnológicas;24;164;Cerrado;Sofía Navarro;70;Senior;Alta
7779;2022-08-12;2022-08-15;4;Seguridad;Redes Seguras;48;179;Cerrado;Sofía Navarro;70;Senior;Media
7922;2022-10-12;2023-06-08;5;Hardware;Sostenibilidad y Progreso;48;141;Cerrado;Sofía Navarro;70;Senior;Media
8067;2022-07-11;2022-10-26;1;Seguridad;Soluciones Tecnológicas;24;164;Cerrado;Sofía Navarro;70;Senior;Alta
8188;2022-12-18;2023-05-16;4;Hardware;Soluciones Tecnológicas;24;164;Cerrado;Sofía Navarro;70;Senior;Urgente
8425;2022-01-11;2022-01-28;1;Seguridad;Visión Futurista;72;196;Cerrado;Sofía Navarro;70;Senior;Baja
8498;2022-10-11;2023-09-15;3;Seguridad;Avances Continuos;36;134;Cerrado;Sofía Navarro;70;Senior;Urgente
8521;2022-12-28;2023-10-03;3;Software;Visión Futurista;72;196;Cerrado;Sofía Navarro;70;Senior;Baja
8559;2022-03-29;2022-10-14;2;Hardware;Redes Seguras;48;179;Cerrado;Sofía Navarro;70;Senior;Urgente
8623;2022-10-20;2023-01-02;4;Hardware;Innovaciones Creativas;48;156;Cerrado;Sofía Navarro;70;Senior;Alta
8698;2022-03-24;2022-11-30;5;Hardware;Redes Seguras;48;179;Cerrado;Sofía Navarro;70;Senior;Media
8793;2022-01-22;2022-08-06;3;Seguridad;Servicios Globales;36;195;Cerrado;Sofía Navarro;70;Senior;Alta
8872;2022-07-24;2022-10-16;3;Redes;Redes Seguras;48;179;Cerrado;Sofía Navarro;70;Senior;Alta
8961;2022-02-14;2022-08-16;4;Software;Inteligencia de Datos;72;195;Cerrado;Sofía Navarro;70;Senior;Urgente
9153;2022-09-01;2023-03-21;2;Redes;Innovaciones Creativas;48;156;Cerrado;Sofía Navarro;70;Senior;Urgente
9184;2022-12-05;2023-04-24;1;Software;Sostenibilidad y Progreso;48;141;Cerrado;Sofía Navarro;70;Senior;Alta
9340;2022-05-18;2023-03-01;1;Redes;Inteligencia de Datos;72;195;Cerrado;Sofía Navarro;70;Senior;Alta
9501;2022-02-07;2022-10-22;4;Seguridad;Sostenibilidad y Progreso;48;141;Cerrado;Sofía Navarro;70;Senior;Urgente
9510;2022-02-28;2022-07-20;2;Hardware;Soluciones Tecnológicas;24;164;Cerrado;Sofía Navarro;70;Senior;Alta
9529;2022-08-04;2022-11-23;5;Redes;Soluciones Tecnológicas;24;164;Cerrado;Sofía Navarro;70;Senior;Urgente
9601;2022-08-14;2022-12-05;1;Software;Inteligencia de Datos;72;195;Cerrado;Sofía Navarro;70;Senior;Alta
9648;2022-09-20;2022-12-16;3;Redes;Sostenibilidad y Progreso;48;141;Cerrado;Sofía Navarro;70;Senior;Alta
9656;2022-11-17;2023-04-16;3;Hardware;Innovaciones Creativas;48;156;Cerrado;Sofía Navarro;70;Senior;Alta
9671;2022-12-24;2023-07-11;5;Seguridad;Visión Futurista;72;196;Cerrado;Sofía Navarro;70;Senior;Alta
9792;2022-08-30;2023-06-02;2;Hardware;Innovaciones Creativas;48;156;Cerrado;Sofía Navarro;70;Senior;Baja
9871;2022-04-15;2022-12-09;3;Seguridad;Innovaciones Creativas;48;156;Cerrado;Sofía Navarro;70;Senior;Baja
